0.0119229	4.25498e-06	-4.89429e-07
0.0119249	4.28145e-06	-1.1672e-07
0.0119251	4.16878e-06	8.61149e-07
0.0119244	4.07786e-06	1.2212e-06
0.0119249	4.16577e-06	9.95377e-07
0.0119259	3.84965e-06	1.81255e-06
0.0119264	3.62284e-06	2.23502e-06
0.0119257	3.82836e-06	1.95087e-06
0.0119229	3.5741e-06	2.36013e-06
0.0119258	2.92093e-06	3.09652e-06
0.0119244	3.19299e-06	2.87525e-06
0.0119244	2.93024e-06	3.1426e-06
0.0119191	3.11051e-06	3.11738e-06
0.0119249	2.24181e-06	3.64948e-06
0.0119259	1.44044e-06	4.00378e-06
0.0119259	1.08601e-06	4.11409e-06
0.0119244	1.32758e-06	4.08653e-06
0.0119244	2.47154e-07	4.24961e-06
0.0119224	-1.24165e-07	4.25498e-06
0.0119244	2.24671e-07	4.29089e-06
0.0119239	-7.54431e-07	4.1876e-06
0.0119209	-6.28519e-07	4.23667e-06
0.0119244	-1.57197e-06	3.95591e-06
0.0119264	-1.91076e-06	3.80385e-06
0.0119259	-2.14118e-06	3.67702e-06
0.0119279	-2.4535e-06	3.47641e-06
0.0119258	-2.83017e-06	3.17969e-06
0.0119264	-2.58602e-06	3.43143e-06
0.0119264	-3.33932e-06	2.63993e-06
0.0119249	-3.20475e-06	2.84147e-06
0.0119236	-3.44021e-06	2.55135e-06
0.0119236	-3.64948e-06	2.24181e-06
0.0119258	-4.04084e-06	1.33861e-06
0.0119249	-3.98332e-06	1.57402e-06
0.0119249	-4.10535e-06	1.22086e-06
0.0119236	-4.19613e-06	8.58412e-07
0.011925	-4.25498e-06	5.97792e-07
0.0119236	-4.28145e-06	1.1672e-07
0.0119249	-4.27533e-06	-2.56877e-07
0.0119249	-4.23667e-06	-6.28519e-07
0.0119259	-3.99297e-06	-1.47014e-06
0.0119249	-4.06317e-06	-1.35466e-06
0.0119229	-3.92964e-06	-1.70363e-06
0.0119264	-3.41426e-06	-2.54227e-06
0.0119259	-3.24935e-06	-2.74715e-06
0.0119264	-3.43143e-06	-2.58602e-06
0.0119244	-2.63993e-06	-3.33932e-06
0.0119229	-2.84147e-06	-3.20475e-06
0.0119244	-2.64519e-06	-3.38603e-06
0.0119209	-2.24181e-06	-3.64948e-06
0.0119229	-1.9152e-06	-3.83098e-06
0.0119244	-9.81336e-07	-4.14213e-06
0.0119264	-1.32758e-06	-4.08653e-06
0.0119229	-8.58412e-07	-4.19613e-06
0.0119264	1.24165e-07	-4.25498e-06
0.0119244	-2.24671e-07	-4.29089e-06
0.0119264	1.5016e-07	-4.29415e-06
0.0119224	1.2212e-06	-4.07786e-06
0.0119224	8.93549e-07	-4.20283e-06
0.0119229	1.35466e-06	-4.06317e-06
0.0119209	1.70363e-06	-3.92964e-06
0.0119229	2.03964e-06	-3.7662e-06
0.0119224	2.83017e-06	-3.17969e-06
0.0119249	2.66265e-06	-3.35481e-06
0.0119279	3.26966e-06	-2.72295e-06
0.0119224	3.1426e-06	-2.93024e-06
0.0119224	3.74701e-06	-2.01996e-06
0.0119242	3.64948e-06	-2.24181e-06
0.0119264	4.04084e-06	-1.33861e-06
0.0119251	4.14213e-06	-9.81336e-07
0.0119264	4.2119e-06	-6.16591e-07
0.0119251	4.24961e-06	-2.47154e-07
0.0119244	4.25498e-06	1.24165e-07
0.0118788	4.2814e-06	-1.54397e-06
0.0122075	-2.79039e-05	-3.41688e-06
0.012535	-5.88527e-05	-1.1091e-05
0.0128591	-8.73572e-05	-2.39389e-05
0.0131743	-0.000113121	-4.1798e-05
0.0134843	-0.000135047	-6.3487e-05
0.0137806	-0.000152788	-8.86126e-05
0.014064	-0.000165526	-0.000116191
0.0143275	-0.000173106	-0.000145402
0.0145735	-0.000175357	-0.000175375
0.0147983	-0.000172269	-0.00020519
0.0150035	-0.000163986	-0.000233975
0.0151824	-0.000150796	-0.000260849
0.0153373	-0.000133124	-0.000285049
0.0154654	-0.000111516	-0.000305867
0.0155658	-8.66273e-05	-0.000322705
0.0156362	-5.91983e-05	-0.000335074
0.0156798	-3.00379e-05	-0.000342646
0.0156944	-1.80031e-11	-0.000345194
0.0156818	3.00379e-05	-0.000342659
0.0156382	5.91985e-05	-0.000335088
0.0155659	8.66276e-05	-0.000322706
0.0154654	0.000111516	-0.000305866
0.0153354	0.000133124	-0.000285037
0.015179	0.000150796	-0.000260827
0.0150035	0.000163986	-0.000233976
0.0147964	0.000172269	-0.000205177
0.0145729	0.000175357	-0.000175371
0.0143288	0.000173106	-0.000145411
0.014062	0.000165527	-0.000116178
0.0137813	0.000152789	-8.86174e-05
0.0134861	0.000135004	-6.34788e-05
0.013177	0.00011298	-4.17591e-05
0.0128595	8.72567e-05	-2.40811e-05
0.0125363	5.87785e-05	-1.14523e-05
0.0122087	2.79356e-05	-2.99862e-06
0.0118745	-4.28136e-06	-7.05178e-07
0.0121979	-3.65296e-05	-4.16421e-06
0.0125221	-6.74158e-05	-1.28338e-05
0.0128491	-9.60086e-05	-2.66133e-05
0.0131619	-0.000121473	-4.5052e-05
0.0134673	-0.000143188	-6.75515e-05
0.0137563	-0.000160313	-9.32521e-05
0.0140377	-0.0001727	-0.000121522
0.0142998	-0.000179806	-0.000151371
0.0145463	-0.000181484	-0.00018192
0.0147665	-0.000177716	-0.000212109
0.0149723	-0.000168827	-0.000241351
0.0151513	-0.000154967	-0.000268608
0.0153053	-0.000136637	-0.000293143
0.0154308	-0.000114321	-0.000314165
0.0155336	-8.87553e-05	-0.000331395
0.0156027	-6.05479e-05	-0.000343685
0.0156476	-3.0679e-05	-0.000351434
0.0156609	1.14808e-07	-0.000353957
0.0156499	3.08857e-05	-0.000351461
0.0156022	6.07924e-05	-0.000343765
0.0155325	8.89354e-05	-0.000331242
0.015432	0.000114547	-0.000314186
0.0153039	0.000136836	-0.000293064
0.0151509	0.000155211	-0.000268579
0.0149712	0.000169018	-0.000241269
0.0147707	0.000177981	-0.00021213
0.0145472	0.000181644	-0.000181798
0.0143024	0.000179915	-0.000151253
0.0140404	0.000172804	-0.000121425
0.0137602	0.000160469	-9.31947e-05
0.013469	0.000143218	-6.74252e-05
0.0131626	0.000121566	-4.49667e-05
0.0128457	9.60555e-05	-2.65128e-05
0.0125244	6.74291e-05	-1.27699e-05
0.012198	3.65347e-05	-4.1064e-06
0.0118804	4.2814e-06	-8.44133e-07
0.0117365	4.3604e-06	-4.29002e-06
0.0123924	-5.89373e-05	-8.4661e-06
0.0130503	-0.000119777	-2.42813e-05
0.0136985	-0.000175495	-4.97237e-05
0.0143336	-0.000224547	-8.38384e-05
0.0149488	-0.000265785	-0.000125324
0.0155382	-0.000298171	-0.000172713
0.0161019	-0.000320973	-0.000224443
0.0166425	-0.000333573	-0.000278526
0.0171415	-0.000336038	-0.000333493
0.0176132	-0.000328595	-0.000388147
0.0180314	-0.000311512	-0.000440454
0.0184023	-0.000285438	-0.000489072
0.0187164	-0.000251239	-0.000532587
0.0189731	-0.000209974	-0.000569857
0.0191723	-0.00016286	-0.000599922
0.0193176	-0.000111127	-0.000621778
0.0194028	-5.63157e-05	-0.000634889
0.0194289	-3.99127e-11	-0.000639206
0.0194047	5.63157e-05	-0.000634914
0.0193196	0.000111127	-0.000621804
0.0191723	0.00016286	-0.000599922
0.0189731	0.000209974	-0.000569857
0.0187131	0.000251239	-0.000532546
0.0184003	0.000285438	-0.000489047
0.0180314	0.000311512	-0.000440454
0.0176092	0.000328595	-0.000388095
0.0171441	0.000336038	-0.000333526
0.0166425	0.000333573	-0.000278526
0.0161025	0.000320973	-0.000224452
0.0155395	0.000298171	-0.00017273
0.0149481	0.000265784	-0.000125315
0.0143336	0.000224547	-8.38383e-05
0.0136998	0.000175495	-4.97404e-05
0.0130482	0.000119489	-2.42089e-05
0.0123957	5.88604e-05	-8.50974e-06
0.0117375	-4.36032e-06	-4.05598e-06
0.0123801	-6.82288e-05	-9.78282e-06
0.0130307	-0.000128625	-2.63065e-05
0.0136678	-0.000183914	-5.26204e-05
0.0142982	-0.000232888	-8.7636e-05
0.0149079	-0.000273717	-0.000129912
0.015485	-0.000304941	-0.000177632
0.0160529	-0.000327834	-0.000230344
0.0165822	-0.000339539	-0.000285021
0.0170835	-0.000341476	-0.000340864
0.0175527	-0.00033347	-0.000395963
0.0179823	-0.000316152	-0.000449266
0.0183526	-0.000289256	-0.00049803
0.0186679	-0.000254345	-0.000541859
0.0189285	-0.000212299	-0.000579334
0.0191272	-0.0001644	-0.000609512
0.0192741	-0.000112091	-0.000631875
0.0193599	-5.6745e-05	-0.000645624
0.0193851	1.92035e-07	-0.000650409
0.0193629	5.71286e-05	-0.000645686
0.0192736	0.000112469	-0.000631788
0.0191302	0.000164751	-0.000609437
0.0189304	0.000212649	-0.000579208
0.0186693	0.000254686	-0.000541693
0.0183556	0.000289638	-0.000497948
0.0179845	0.00031646	-0.000449039
0.0175633	0.000334273	-0.000396345
0.0170964	0.000342436	-0.000341317
0.0165924	0.000340353	-0.000285249
0.0160562	0.000328012	-0.000230083
0.0154951	0.000305742	-0.000177748
0.0149082	0.000273824	-0.000129646
0.0142975	0.000232965	-8.73784e-05
0.013671	0.000184175	-5.24962e-05
0.0130329	0.000128765	-2.61805e-05
0.0123799	6.82374e-05	-9.67495e-06
0.0117372	4.3604e-06	-3.58881e-06
0.0115033	4.49139e-06	-1.00499e-05
0.0124832	-8.92374e-05	-1.74584e-05
0.0134631	-0.000178335	-4.01145e-05
0.0144487	-0.00025867	-7.64434e-05
0.0154448	-0.000328573	-0.000124791
0.0164092	-0.000386294	-0.000182953
0.0173385	-0.000430625	-0.000248775
0.0182177	-0.000460795	-0.00031982
0.0190462	-0.000476472	-0.000393857
0.0197986	-0.000477545	-0.000468399
0.0204565	-0.000464957	-0.000541815
0.0210292	-0.000439204	-0.000611884
0.0215372	-0.000400733	-0.000676366
0.0219712	-0.000351741	-0.000734099
0.0223173	-0.000293269	-0.00078345
0.0225775	-0.000226905	-0.000823013
0.0227582	-0.000154573	-0.000851985
0.0228599	-7.83088e-05	-0.000869708
0.0228973	3.56141e-09	-0.000875722
0.0228621	7.83168e-05	-0.000869725
0.0227585	0.000154589	-0.000852015
0.0225774	0.000226919	-0.000823024
0.0223199	0.000293275	-0.00078347
0.0219708	0.000351747	-0.000734077
0.0215381	0.000400735	-0.000676359
0.021028	0.000439205	-0.000611836
0.0204572	0.000464957	-0.000541816
0.0197975	0.000477547	-0.000468376
0.0190443	0.000476473	-0.000393822
0.0182178	0.000460796	-0.00031982
0.0173386	0.000430626	-0.000248776
0.0164092	0.000386293	-0.000182953
0.0154435	0.000328573	-0.000124767
0.0144487	0.00025867	-7.64434e-05
0.0134621	0.000178203	-4.00852e-05
0.0124797	8.90837e-05	-1.73397e-05
0.0115005	-4.49127e-06	-1.05595e-05
0.0124603	-9.89872e-05	-1.98388e-05
0.0134227	-0.000187477	-4.36643e-05
0.0143811	-0.000266873	-8.11833e-05
0.0153719	-0.000336941	-0.00013067
0.0163085	-0.00039266	-0.000187929
0.0172462	-0.000438026	-0.000255065
0.0181254	-0.000467426	-0.000326612
0.0189489	-0.000482072	-0.00040066
0.0196825	-0.000479933	-0.000473725
0.0204273	-0.000469014	-0.000549433
0.0210699	-0.000442508	-0.000619213
0.0216551	-0.000404346	-0.000684011
0.0221753	-0.000354486	-0.000741087
0.0226163	-0.000295304	-0.00079001
0.0229639	-0.000228299	-0.000829088
0.023211	-0.000155416	-0.000857564
0.0233638	-7.85854e-05	-0.000874932
0.0234134	2.51075e-07	-0.000880752
0.0233534	7.90142e-05	-0.000874122
0.0232145	0.000155918	-0.000857498
0.0229662	0.000228783	-0.00082894
0.0226173	0.000295792	-0.000789774
0.0221805	0.000355081	-0.000741065
0.0216596	0.000404816	-0.000683722
0.0210723	0.000442958	-0.000618827
0.0204314	0.000469374	-0.000548988
0.0197229	0.000482876	-0.000475724
0.0189531	0.000481651	-0.000401893
0.0181232	0.000466822	-0.000327578
0.0172477	0.00043753	-0.000256093
0.0163254	0.000394028	-0.00018966
0.0153711	0.000337051	-0.000130673
0.0143897	0.000267746	-8.14093e-05
0.0134226	0.000187476	-4.36643e-05
0.0124603	9.89874e-05	-1.98389e-05
0.0115	4.49139e-06	-1.10277e-05
0.0114848	4.67333e-06	-8.84542e-06
0.0127965	-0.000119822	-1.88275e-05
0.0141472	-0.000235789	-4.86146e-05
0.0154577	-0.000338804	-9.59438e-05
0.0167201	-0.000426587	-0.00015808
0.0179299	-0.000497211	-0.000232095
0.0190756	-0.000549403	-0.000314883
0.0202008	-0.00058388	-0.000400202
0.0211214	-0.000600009	-0.000487433
0.0218938	-0.000599512	-0.000575716
0.0226066	-0.000581516	-0.00066232
0.0232375	-0.000547882	-0.000745397
0.0237896	-0.000499321	-0.000822155
0.0242688	-0.000437652	-0.000890402
0.0246963	-0.000364632	-0.000948557
0.0250595	-0.000282179	-0.000995225
0.0253447	-0.000192443	-0.00102945
0.0255419	-9.76878e-05	-0.00105049
0.0256009	4.4215e-10	-0.00105728
0.0255398	9.76805e-05	-0.00105046
0.0253424	0.000192444	-0.00102941
0.0250596	0.000282184	-0.000995232
0.0246936	0.000364643	-0.000948507
0.0242679	0.000437654	-0.000890384
0.02379	0.000499325	-0.00082218
0.0232391	0.000547877	-0.000745413
0.0226089	0.000581509	-0.000662343
0.0218936	0.000599529	-0.000575728
0.0211228	0.000600026	-0.000487484
0.0202031	0.000583889	-0.000400253
0.0190756	0.000549404	-0.000314884
0.0179317	0.00049721	-0.000232139
0.016722	0.000426585	-0.000158123
0.0154577	0.000338804	-9.59438e-05
0.0141471	0.000235788	-4.86145e-05
0.0127993	0.000119627	-1.87024e-05
0.0114815	-4.67321e-06	-9.04788e-06
0.0127593	-0.000129815	-2.12359e-05
0.0140683	-0.000245115	-5.2696e-05
0.0153481	-0.000347442	-0.000101442
0.0165857	-0.000434256	-0.00016475
0.0177715	-0.00050339	-0.000239452
0.0189019	-0.000554681	-0.000322779
0.0200436	-0.000587418	-0.000408177
0.0211462	-0.00060366	-0.00049563
0.0221708	-0.000601346	-0.000583327
0.0231523	-0.000582988	-0.000668811
0.0240762	-0.000547442	-0.000748696
0.0248975	-0.000496827	-0.000822252
0.0255638	-0.000432187	-0.000883011
0.0262156	-0.00036058	-0.000941804
0.0266382	-0.00027712	-0.00098183
0.0269896	-0.000188538	-0.0010145
0.0272129	-9.54076e-05	-0.00103549
0.027271	3.02291e-07	-0.00104084
0.0272222	9.60426e-05	-0.00103587
0.0270206	0.000189556	-0.00101666
0.0266839	0.000278685	-0.000984997
0.0262154	0.000361132	-0.000941308
0.0256264	0.000434945	-0.000886964
0.0249099	0.000497815	-0.000822354
0.0240851	0.000547036	-0.000750196
0.0231601	0.000582764	-0.000670214
0.0221775	0.000601192	-0.000584606
0.0211491	0.00060362	-0.000496744
0.0200545	0.000588278	-0.000408742
0.0189039	0.000554681	-0.000322823
0.0177752	0.000503728	-0.0002396
0.0165863	0.000434256	-0.000164764
0.015348	0.000347441	-0.000101441
0.0140664	0.000245115	-5.26521e-05
0.0127593	0.000129815	-2.1236e-05
0.0114827	4.67333e-06	-9.29378e-06
0.0117424	4.67333e-06	4.84993e-06
0.0133808	-0.000149599	-6.97884e-06
0.0150479	-0.000292019	-4.24909e-05
0.016669	-0.000416846	-9.83407e-05
0.0182376	-0.000521605	-0.000171109
0.0196278	-0.000604242	-0.00025698
0.0207906	-0.000664013	-0.000352054
0.0217249	-0.000700727	-0.00045393
0.0225368	-0.000717271	-0.000560666
0.0233214	-0.000710551	-0.00066602
0.0241244	-0.000684569	-0.000764431
0.0249548	-0.000642509	-0.000854663
0.0257194	-0.000584193	-0.000937138
0.0263982	-0.000510854	-0.00100936
0.026999	-0.000424458	-0.00107009
0.027472	-0.000327592	-0.00111858
0.0277933	-0.000222889	-0.001154
0.0279807	-0.000112811	-0.00117551
0.0280482	-6.9815e-09	-0.00118281
0.0279861	0.000112805	-0.00117559
0.0277911	0.000222886	-0.00115394
0.0274689	0.000327594	-0.00111858
0.0270015	0.000424457	-0.00107012
0.0263988	0.000510853	-0.00100938
0.02572	0.000584192	-0.00093712
0.0249569	0.000642497	-0.000854707
0.0241239	0.000684567	-0.000764469
0.0233211	0.000710557	-0.000666017
0.0225338	0.000717281	-0.00056062
0.0217231	0.000700748	-0.000453886
0.0207911	0.000664031	-0.000352006
0.0196273	0.000604244	-0.000256958
0.0182376	0.000521603	-0.000171109
0.0166672	0.000416845	-9.82909e-05
0.01505	0.000292049	-4.25452e-05
0.013382	0.00014949	-7.00204e-06
0.0117437	-4.6732e-06	4.8067e-06
0.0133135	-0.000159317	-9.69329e-06
0.0149261	-0.000301128	-4.74167e-05
0.0164621	-0.000421503	-0.000104497
0.0180124	-0.000527461	-0.000179227
0.0194862	-0.00060874	-0.000266282
0.020779	-0.000657976	-0.000357439
0.0221906	-0.000700275	-0.000461978
0.0233998	-0.000710633	-0.000562662
0.0245856	-0.000701969	-0.000662561
0.0257836	-0.000673412	-0.000756017
0.0269618	-0.000629093	-0.00084059
0.0280485	-0.000569466	-0.000917014
0.0289778	-0.000495172	-0.00098218
0.0296885	-0.000407146	-0.00103252
0.0303433	-0.000313985	-0.00107836
0.030827	-0.000213263	-0.00111128
0.0311508	-0.000107888	-0.00113338
0.0312305	3.36467e-07	-0.00113851
0.0311489	0.000108523	-0.00113295
0.0308777	0.000214629	-0.00111459
0.0304138	0.000316136	-0.00108292
0.0297904	0.000410612	-0.00103891
0.0289916	0.000494646	-0.000983935
0.0280482	0.000568624	-0.000917698
0.0269754	0.00062918	-0.000842153
0.0257991	0.00067378	-0.000757541
0.024596	0.000702479	-0.000663828
0.0234186	0.000711818	-0.000563612
0.0221918	0.000700275	-0.000462011
0.0208792	0.000666213	-0.000361749
0.0194844	0.000608741	-0.000266232
0.0180198	0.000527926	-0.000179447
0.0164949	0.000424743	-0.000105283
0.0149261	0.000301128	-4.74167e-05
0.0133184	0.000159845	-9.73516e-06
0.0117412	4.67333e-06	4.88294e-06
0.0120073	4.49138e-06	2.15309e-05
0.0138887	-0.000178089	8.39881e-06
0.015825	-0.000344836	-3.14601e-05
0.0177477	-0.000489734	-9.38232e-05
0.019382	-0.000610009	-0.000174805
0.0206118	-0.000706549	-0.000270738
0.0218433	-0.00077799	-0.000380821
0.0229563	-0.000817827	-0.00049509
0.024083	-0.000830883	-0.000609721
0.0251788	-0.000818783	-0.000721615
0.0262147	-0.000782621	-0.000826752
0.0271531	-0.000725089	-0.000921679
0.028031	-0.00065325	-0.00100459
0.0288315	-0.000568888	-0.0010753
0.0294621	-0.000471348	-0.00113505
0.0299419	-0.000363643	-0.0011825
0.0303161	-0.000247042	-0.00121689
0.0305325	-0.000124837	-0.00123744
0.030602	6.45898e-09	-0.00124427
0.0305329	0.000124873	-0.00123749
0.0303151	0.000247039	-0.00121693
0.0299396	0.000363637	-0.00118256
0.0294617	0.000471571	-0.00113489
0.0288279	0.000568892	-0.00107531
0.0280285	0.000653242	-0.00100452
0.0271538	0.000725101	-0.000921731
0.0262165	0.000782614	-0.000826798
0.0251815	0.000818749	-0.000721596
0.024083	0.000830867	-0.000609683
0.0229598	0.00081777	-0.000495118
0.0218458	0.000778054	-0.000380855
0.0206097	0.000706524	-0.000270668
0.0193796	0.000610125	-0.000174763
0.0177562	0.000489879	-9.40738e-05
0.0158303	0.000345069	-3.15907e-05
0.0138908	0.000177999	8.37273e-06
0.0120077	-4.49125e-06	2.15139e-05
0.0137933	-0.000187868	4.15506e-06
0.015628	-0.000351958	-3.8497e-05
0.0174835	-0.000496117	-0.000103817
0.0192774	-0.000613245	-0.000186366
0.0209607	-0.000699382	-0.000280462
0.0225124	-0.000753787	-0.000380231
0.0242174	-0.000798418	-0.00049354
0.0257531	-0.000806296	-0.000600742
0.0273102	-0.000791137	-0.000706387
0.0286883	-0.000750941	-0.000802821
0.0299238	-0.00069086	-0.000889727
0.0311863	-0.000619642	-0.00096537
0.0323701	-0.000536187	-0.00102651
0.0333742	-0.000441886	-0.00107677
0.0341423	-0.000337767	-0.00111504
0.0347323	-0.000228756	-0.00114424
0.0350644	-0.000115125	-0.00116029
0.0351886	3.65941e-07	-0.00116649
0.0350711	0.000115883	-0.00116048
0.0347306	0.00022946	-0.00114373
0.0341652	0.000338964	-0.00111589
0.0333735	0.000440812	-0.00107741
0.032367	0.000535369	-0.001027
0.0311855	0.000619031	-0.000965888
0.0299464	0.000691536	-0.000891502
0.0286886	0.000750699	-0.000803112
0.0273113	0.000791137	-0.000706422
0.0257999	0.000809193	-0.000602952
0.0242374	0.00079989	-0.000494432
0.0226555	0.000765234	-0.000385955
0.0210098	0.000703603	-0.000282167
0.0192847	0.000613922	-0.000186579
0.0174896	0.000496712	-0.000103955
0.0156444	0.000353819	-3.87291e-05
0.0137939	0.000187869	4.13768e-06
0.0120061	4.49138e-06	2.15656e-05
0.0121741	4.36042e-06	3.87464e-05
0.0143354	-0.000205292	2.43617e-05
0.0164746	-0.000393657	-1.83564e-05
0.0185161	-0.000556536	-8.48272e-05
0.0198669	-0.000694126	-0.000172294
0.0211985	-0.000807859	-0.000278935
0.0228047	-0.000883948	-0.000395055
0.0243167	-0.000923559	-0.000514333
0.0258912	-0.000932463	-0.000631535
0.0274321	-0.000910196	-0.000741102
0.0287771	-0.000862969	-0.000843105
0.0299017	-0.000793687	-0.000935122
0.0307949	-0.000705904	-0.00101616
0.0315468	-0.000606064	-0.00108381
0.0322856	-0.000500064	-0.00113686
0.0328133	-0.000384624	-0.00117943
0.0331294	-0.000261618	-0.00121128
0.0333283	-0.000132248	-0.00123034
0.0334	1.46764e-08	-0.00123667
0.0333294	0.000132253	-0.00123044
0.0331306	0.00026163	-0.00121125
0.0328143	0.000384629	-0.00117942
0.0322865	0.000500065	-0.00113691
0.031545	0.000606053	-0.00108384
0.0307929	0.000705913	-0.0010162
0.029903	0.000793687	-0.000935189
0.0287735	0.000862997	-0.000843123
0.0274332	0.000910268	-0.000741135
0.0258922	0.000932631	-0.000631529
0.024319	0.00092376	-0.000514422
0.022804	0.000884223	-0.000395032
0.0212216	0.000808703	-0.000279581
0.0198837	0.000694966	-0.000172701
0.0185268	0.00055725	-8.51078e-05
0.0164824	0.000394086	-1.85156e-05
0.0143386	0.000205452	2.43019e-05
0.0121745	-4.36028e-06	3.87379e-05
0.0141919	-0.000213829	1.85688e-05
0.0162218	-0.000402815	-2.85603e-05
0.0182522	-0.000556661	-9.78145e-05
0.0203589	-0.000691766	-0.00018766
0.022344	-0.000788428	-0.000289116
0.0240964	-0.000835722	-0.000389948
0.0260879	-0.000875517	-0.00050318
0.0279835	-0.000880328	-0.000612457
0.0294958	-0.000839665	-0.0007023
0.0314688	-0.000807882	-0.000811128
0.0330204	-0.00073913	-0.000894899
0.0342872	-0.000650748	-0.000962512
0.0355113	-0.000555742	-0.00102028
0.036648	-0.000454903	-0.0010601
0.0376151	-0.0003474	-0.00109382
0.0382975	-0.00023442	-0.00111602
0.0386919	-0.00011779	-0.00112828
0.0388416	3.89781e-07	-0.00113349
0.0387044	0.000118632	-0.00112876
0.0382886	0.000235063	-0.00111498
0.037621	0.000348178	-0.00109333
0.0366779	0.000454763	-0.00106231
0.0355088	0.000555164	-0.00102062
0.0343229	0.000651815	-0.000964793
0.0330186	0.00073896	-0.000895037
0.0315093	0.000809966	-0.000813163
0.0298553	0.000860453	-0.000719363
0.0280733	0.000886142	-0.000616454
0.0262106	0.000884381	-0.000508212
0.0243087	0.000852243	-0.000397762
0.0223423	0.000788428	-0.000289065
0.0203583	0.000691765	-0.000187643
0.0183169	0.00056287	-9.91772e-05
0.01622	0.000402811	-2.85102e-05
0.0141974	0.000214491	1.85715e-05
0.0121735	4.36042e-06	3.87635e-05
0.0122446	4.28145e-06	5.43631e-05
0.0146511	-0.000229497	3.97601e-05
0.0170119	-0.000438163	-4.62273e-06
0.0186902	-0.000619697	-7.40886e-05
0.0200588	-0.000777316	-0.000168004
0.0217647	-0.00089999	-0.000275796
0.0238567	-0.000977228	-0.000392697
0.0260461	-0.00101088	-0.000508819
0.028085	-0.00100898	-0.000619279
0.0299299	-0.000977055	-0.000723086
0.0315098	-0.000919026	-0.000818182
0.0328078	-0.000839042	-0.000903158
0.0338233	-0.000741371	-0.000976635
0.0345298	-0.000630516	-0.00103894
0.0350835	-0.000513466	-0.00108842
0.0355865	-0.000394294	-0.00112585
0.0358528	-0.000268193	-0.00115495
0.0359255	-0.000136332	-0.00117456
0.0359451	-7.20373e-10	-0.00118125
0.0359241	0.000136348	-0.00117459
0.0358512	0.000268189	-0.00115499
0.0355888	0.000394287	-0.00112597
0.0350839	0.000513466	-0.00108848
0.0345304	0.000630503	-0.00103888
0.0338193	0.000741381	-0.000976651
0.0328096	0.000839	-0.000902998
0.0315111	0.000919256	-0.000818377
0.0299342	0.0009775	-0.000723387
0.0280916	0.00100938	-0.00061951
0.0260466	0.00101115	-0.000508808
0.0238906	0.000979045	-0.000393631
0.0217908	0.000901559	-0.000276425
0.0200763	0.000778911	-0.000168413
0.0187077	0.000620764	-7.44403e-05
0.0170212	0.000438747	-4.80356e-06
0.0146534	0.000229753	3.97589e-05
0.0122453	-4.2813e-06	5.43464e-05
0.0144726	-0.000239404	3.16903e-05
0.016648	-0.000443486	-1.83766e-05
0.0189455	-0.000621513	-9.25043e-05
0.0212304	-0.000759979	-0.000184452
0.0235608	-0.000861663	-0.000287807
0.0257391	-0.000920727	-0.000394547
0.027897	-0.000948677	-0.000502876
0.0298891	-0.000932355	-0.000600734
0.0321386	-0.000906857	-0.000703472
0.0336018	-0.00082381	-0.000768601
0.0357321	-0.00076389	-0.000860471
0.0372137	-0.000668028	-0.000920272
0.0384705	-0.000562062	-0.000967869
0.0396064	-0.000453042	-0.00100194
0.0407011	-0.000344955	-0.00102436
0.0413814	-0.000230226	-0.0010336
0.0419981	-0.000116364	-0.00104925
0.0421739	3.99604e-07	-0.0010529
0.0420006	0.000117192	-0.00104916
0.0415418	0.000232905	-0.0010412
0.0407368	0.000344629	-0.00102668
0.0396487	0.000453423	-0.0010045
0.0385182	0.000563179	-0.000970521
0.0372682	0.000669977	-0.000923026
0.0357902	0.000766371	-0.000863185
0.034093	0.000847917	-0.000790641
0.0321939	0.000909759	-0.000705791
0.0301169	0.000946557	-0.000609879
0.0279453	0.000952029	-0.000504674
0.0257769	0.000923707	-0.000395817
0.0235613	0.000861664	-0.000287823
0.0212508	0.000761838	-0.000184954
0.0189584	0.000622736	-9.27554e-05
0.0166836	0.00044706	-1.88593e-05
0.0144721	0.000239404	3.17063e-05
0.0122411	4.28145e-06	5.44536e-05
0.0123933	4.25505e-06	6.18048e-05
0.0150288	-0.000250258	4.70286e-05
0.0173593	-0.00047671	2.94044e-06
0.0187286	-0.000679481	-6.8289e-05
0.0202257	-0.000849713	-0.000159949
0.022566	-0.00097593	-0.000265044
0.0253795	-0.00104297	-0.000371286
0.0279209	-0.00106804	-0.000476708
0.030335	-0.00106181	-0.000580986
0.0324245	-0.00102118	-0.000675312
0.0341915	-0.000954383	-0.000760074
0.0356324	-0.000866195	-0.000835183
0.0367282	-0.000761192	-0.000899965
0.0374579	-0.00064411	-0.000954946
0.0378314	-0.000518713	-0.00100065
0.0381428	-0.000394511	-0.0010349
0.0383151	-0.000268263	-0.0010612
0.0382886	-0.000136322	-0.00108007
0.0382258	6.1684e-09	-0.00108776
0.0382906	0.000136353	-0.0010801
0.0383151	0.000268243	-0.00106126
0.0381426	0.000394492	-0.00103498
0.0378305	0.0005187	-0.00100078
0.0374559	0.000644106	-0.000954946
0.0367298	0.000761287	-0.000900069
0.0356367	0.00086635	-0.000835232
0.0341963	0.000954766	-0.000760213
0.032424	0.00102161	-0.000675449
0.0303373	0.0010624	-0.000581137
0.0279732	0.00107088	-0.000478267
0.0254284	0.00104613	-0.000372658
0.0226036	0.000978804	-0.000265896
0.0202545	0.000852121	-0.000160504
0.0187476	0.000680979	-6.85949e-05
0.0173713	0.000477715	2.76053e-06
0.0150354	0.000250748	4.69647e-05
0.0123979	-4.25491e-06	6.17126e-05
0.0147394	-0.000258705	3.76817e-05
0.0170362	-0.000478789	-1.35431e-05
0.0194526	-0.000669867	-8.82891e-05
0.0220281	-0.000815084	-0.00017873
0.0245229	-0.000916855	-0.000278784
0.0266296	-0.00095488	-0.000373286
0.0293808	-0.000999416	-0.000485332
0.0314014	-0.000956201	-0.000565218
0.0332449	-0.000887504	-0.000632583
0.0363091	-0.000866838	-0.000742681
0.0375063	-0.000747731	-0.000774678
0.0398345	-0.000669649	-0.000844958
0.0412485	-0.000559876	-0.000886893
0.0423844	-0.000443582	-0.000912148
0.0434525	-0.000327888	-0.000907891
0.0443738	-0.000222443	-0.000931401
0.0448711	-0.000111101	-0.000932062
0.0451599	3.99236e-07	-0.000937748
0.0449522	0.000112371	-0.000935423
0.0444184	0.000223623	-0.000932662
0.0434555	0.000327459	-0.000906185
0.0423829	0.000443474	-0.000911793
0.0412475	0.000558871	-0.00088359
0.039847	0.000671962	-0.00085105
0.0381972	0.000775956	-0.00080325
0.0360476	0.000854573	-0.0007323
0.0342076	0.000939211	-0.000669174
0.0319101	0.000986978	-0.000583465
0.0294482	0.00100384	-0.000487566
0.0269784	0.00098072	-0.000383821
0.0245748	0.000921166	-0.000280163
0.0220703	0.000818732	-0.000179682
0.0195203	0.000676065	-8.95055e-05
0.0171151	0.000486634	-1.45288e-05
0.0147705	0.00026215	3.75398e-05
0.0123943	4.25505e-06	6.17767e-05
0.0124529	4.28145e-06	6.71665e-05
0.0152747	-0.00026871	5.30459e-05
0.0175341	-0.000511911	9.67367e-06
0.0186999	-0.000731613	-5.96772e-05
0.0208329	-0.000910973	-0.000148855
0.0240496	-0.00102277	-0.0002421
0.027075	-0.00108119	-0.000338147
0.0298572	-0.00110138	-0.000433099
0.0324742	-0.0010896	-0.000525013
0.034744	-0.0010427	-0.000606886
0.0366948	-0.000969064	-0.000679886
0.0382728	-0.000875681	-0.000742502
0.0394426	-0.000766499	-0.000796293
0.0401813	-0.00064637	-0.000843175
0.0404801	-0.000519196	-0.000883846
0.0404426	-0.000387537	-0.000917119
0.040519	-0.00026351	-0.000939901
0.0403849	-0.00013418	-0.000957978
0.0402823	1.39976e-08	-0.000965646
0.0403873	0.000134215	-0.000958046
0.0405197	0.000263487	-0.000940023
0.0404404	0.000387513	-0.00091724
0.0404786	0.000519188	-0.000883966
0.0401831	0.000646437	-0.0008433
0.0394562	0.000766839	-0.000796652
0.0382833	0.000876105	-0.000742742
0.0367002	0.000969634	-0.00068009
0.0347459	0.0010434	-0.000607065
0.0324804	0.00109068	-0.000525366
0.0299356	0.00110603	-0.00043522
0.0271428	0.00108612	-0.000339828
0.0241078	0.00102741	-0.00024329
0.0208719	0.000914662	-0.0001495
0.0187233	0.000734389	-5.99284e-05
0.0175406	0.000513514	9.73757e-06
0.0152829	0.000269433	5.29881e-05
0.0124547	-4.2813e-06	6.71207e-05
0.0148705	-0.000278454	4.18547e-05
0.0172535	-0.000511928	-9.92764e-06
0.0197058	-0.000697939	-8.08415e-05
0.0222912	-0.000837767	-0.000164918
0.0251864	-0.000959702	-0.00026471
0.026784	-0.000942034	-0.000334254
0.030678	-0.00103581	-0.000457897
0.0332846	-0.000989618	-0.000518901
0.0349547	-0.000905087	-0.000585143
0.0371992	-0.000825969	-0.000641277
0.0402549	-0.000771206	-0.000721926
0.0420925	-0.000661671	-0.000756928
0.0434977	-0.000532401	-0.000744946
0.0449228	-0.000428381	-0.000796193
0.0458291	-0.000311025	-0.000801228
0.0468706	-0.000207952	-0.000801348
0.0475296	-0.000104028	-0.000800853
0.0477232	4.01458e-07	-0.000799369
0.0475373	0.000104878	-0.000800844
0.0469215	0.000208881	-0.000802908
0.0458715	0.000305959	-0.00078306
0.0448745	0.000420752	-0.000771888
0.0435863	0.000533296	-0.00074338
0.0420862	0.000659406	-0.000750902
0.0402572	0.000771227	-0.000721957
0.0381607	0.000869574	-0.000674708
0.0357862	0.000936575	-0.000592957
0.0333404	0.00100848	-0.000542126
0.0300294	0.000990033	-0.000438594
0.0278497	0.00101903	-0.000362871
0.0252812	0.000967206	-0.000266959
0.0225888	0.000863246	-0.000170913
0.019917	0.000717662	-8.41927e-05
0.0173475	0.000521267	-1.09747e-05
0.0149134	0.000282846	4.15688e-05
0.0124479	4.28145e-06	6.72431e-05
0.0124065	4.36043e-06	6.92098e-05
0.0153987	-0.000284545	5.58529e-05
0.0176928	-0.000539633	1.50956e-05
0.0189289	-0.00077679	-5.1108e-05
0.0220487	-0.000943897	-0.00012772
0.025489	-0.00105009	-0.000210432
0.0286488	-0.00110309	-0.000296868
0.0315781	-0.00111721	-0.000380392
0.0342694	-0.00109343	-0.00045728
0.0368007	-0.00104295	-0.000528208
0.0389117	-0.000962998	-0.000585985
0.0406659	-0.000866292	-0.000635116
0.0418762	-0.000757622	-0.000677597
0.042611	-0.000639236	-0.00071427
0.043	-0.00051223	-0.000746024
0.0430823	-0.000380439	-0.000772213
0.0430962	-0.000253999	-0.000790589
0.0430145	-0.000130601	-0.000805007
0.0429129	3.54107e-08	-0.000811849
0.0430127	0.000130612	-0.000804987
0.0430918	0.00025396	-0.000790738
0.0430821	0.000380413	-0.000772309
0.0429947	0.000512212	-0.000746133
0.0426177	0.000639459	-0.000714425
0.0418812	0.000758051	-0.00067785
0.0406737	0.000866874	-0.000635335
0.0389185	0.000964062	-0.000586372
0.0368114	0.00104395	-0.000528613
0.0344073	0.00110005	-0.00046068
0.0317118	0.00112455	-0.00038339
0.028738	0.00111016	-0.00029885
0.0255546	0.00105637	-0.000211719
0.0220999	0.0009497	-0.000128494
0.0189629	0.000780855	-5.14475e-05
0.0177012	0.000541955	1.51906e-05
0.0154038	0.000285588	5.59233e-05
0.0124124	-4.36028e-06	6.91589e-05
0.0148143	-0.000294319	4.27154e-05
0.0172841	-0.000536729	-7.96587e-06
0.0199667	-0.000746053	-7.83404e-05
0.0226549	-0.000892546	-0.000158715
0.0255277	-0.000999221	-0.000248252
0.0282722	-0.00103476	-0.000331644
0.0315465	-0.00104661	-0.000416267
0.0344236	-0.000992459	-0.00046049
0.0360127	-0.000872995	-0.000491174
0.039774	-0.000861575	-0.000592489
0.0417976	-0.000748085	-0.000618701
0.0440488	-0.00064322	-0.000649294
0.0456149	-0.000521726	-0.000658407
0.0471345	-0.000407543	-0.000668502
0.048179	-0.000292858	-0.000669005
0.049043	-0.000185642	-0.000652797
0.0497535	-9.48352e-05	-0.000658137
0.0499977	3.79517e-07	-0.000656009
0.0497522	9.28245e-05	-0.000652078
0.0490422	0.000185542	-0.000651799
0.0481388	0.00028593	-0.000649374
0.0471375	0.00040756	-0.000668528
0.0457525	0.000525257	-0.000662709
0.0440477	0.000643202	-0.000649297
0.0420414	0.000757299	-0.000626237
0.0397516	0.000860501	-0.000591728
0.0372068	0.000948058	-0.000544968
0.0344736	0.00101478	-0.00048664
0.0313803	0.00100809	-0.000378724
0.0284992	0.00104981	-0.000336103
0.02553	0.000999277	-0.000248217
0.0226921	0.000895713	-0.000159318
0.020057	0.000754555	-7.95962e-05
0.0174581	0.000553795	-9.70093e-06
0.0147926	0.000291935	4.28036e-05
0.0124078	4.36043e-06	6.91842e-05
0.0122743	4.49139e-06	6.64173e-05
0.0154377	-0.000297054	5.43887e-05
0.0178725	-0.000561801	1.68636e-05
0.0198007	-0.000798171	-3.91181e-05
0.0231198	-0.000958481	-0.00010484
0.0266469	-0.0010626	-0.000176771
0.0300006	-0.00111343	-0.000252589
0.0330165	-0.00111872	-0.000323057
0.035814	-0.00108535	-0.000386202
0.0385279	-0.00102879	-0.000443846
0.0407579	-0.000942719	-0.000487888
0.0425988	-0.00084342	-0.000524576
0.0439575	-0.000734756	-0.000552786
0.0449259	-0.000618238	-0.000575217
0.0455533	-0.000494696	-0.000593425
0.0458183	-0.000365406	-0.000608857
0.0457457	-0.000237105	-0.000620683
0.0457779	-0.000122146	-0.000627435
0.0458139	-4.35489e-09	-0.00062939
0.0457765	0.000122103	-0.000627439
0.0457401	0.000237086	-0.000620731
0.0458201	0.000365371	-0.00060891
0.0455624	0.000494884	-0.000593577
0.0449328	0.000618552	-0.000575426
0.0438444	0.000732864	-0.000550487
0.0424741	0.000840042	-0.000522111
0.0405964	0.000937294	-0.000484437
0.0383745	0.00102193	-0.000440449
0.03582	0.00108519	-0.000386189
0.0329918	0.00111724	-0.000322413
0.0298822	0.00110918	-0.000250591
0.0265296	0.00105851	-0.000175041
0.022992	0.000952968	-0.000103104
0.0196741	0.000791908	-3.76846e-05
0.0177751	0.000557327	1.77234e-05
0.0154459	0.000298468	5.442e-05
0.0122732	-4.49124e-06	6.64336e-05
0.0146611	-0.000305459	4.01825e-05
0.0172602	-0.000564721	-7.95291e-06
0.0198363	-0.000767706	-7.17391e-05
0.0223404	-0.000901583	-0.000142472
0.0253225	-0.00092644	-0.000184923
0.0285845	-0.00104289	-0.000292639
0.0317733	-0.000997739	-0.000326381
0.0350608	-0.000975332	-0.000391342
0.03787	-0.000914768	-0.000453914
0.0410358	-0.000819896	-0.000466417
0.043242	-0.000709131	-0.000484059
0.0456987	-0.000619103	-0.000536256
0.0475176	-0.000500219	-0.00054037
0.0490059	-0.000383508	-0.00053864
0.0499666	-0.000263535	-0.000514846
0.0508394	-0.000168623	-0.000525828
0.0515629	-8.13792e-05	-0.000511247
0.0518024	3.09562e-07	-0.000512455
0.0515717	8.42586e-05	-0.000516187
0.0508184	0.000164941	-0.000517843
0.0500863	0.000264682	-0.000516733
0.0490071	0.000383512	-0.000538651
0.0475189	0.000500237	-0.000540371
0.0455807	0.000601026	-0.000495636
0.0435832	0.000736166	-0.0005244
0.0411206	0.000844823	-0.000501032
0.0383215	0.000936807	-0.000464941
0.0354416	0.0010157	-0.000421446
0.0320912	0.00104956	-0.00036125
0.0288517	0.00106176	-0.000298206
0.0252947	0.000924177	-0.000177827
0.0212158	0.000807941	-0.000125587
0.0199847	0.00078121	-7.35553e-05
0.0173306	0.000571589	-8.54552e-06
0.0147871	0.000318226	3.9624e-05
0.012272	4.49139e-06	6.63786e-05
0.0120099	4.67333e-06	5.79032e-05
0.0153332	-0.000301889	4.75216e-05
0.0181253	-0.000565851	1.62602e-05
0.0204405	-0.000793242	-2.94614e-05
0.0238054	-0.000951697	-8.38406e-05
0.027391	-0.00105788	-0.000144327
0.030988	-0.00110995	-0.000208074
0.0341508	-0.00110842	-0.000265427
0.0370114	-0.00106532	-0.000315048
0.0396227	-0.000995417	-0.00035588
0.042176	-0.000917647	-0.000392417
0.0441451	-0.000814304	-0.000416591
0.0457456	-0.000701798	-0.000432675
0.0469736	-0.000583872	-0.000440045
0.0478153	-0.000463916	-0.000442925
0.048252	-0.000341679	-0.000444849
0.0482652	-0.000218755	-0.000447329
0.0482977	-0.000108285	-0.000446142
0.0483271	2.3103e-08	-0.000445462
0.0482986	0.000108313	-0.000446139
0.0482655	0.000218769	-0.000447333
0.0482405	0.000341741	-0.000444655
0.0477612	0.000463515	-0.000442101
0.0468742	0.000582602	-0.000438528
0.0456167	0.000699353	-0.000430656
0.0439831	0.000809844	-0.000413963
0.0420383	0.000911056	-0.000389993
0.0397522	0.00099837	-0.000357975
0.0370634	0.00106762	-0.000316127
0.0341057	0.00110862	-0.000265385
0.0308778	0.00110801	-0.000206889
0.0273125	0.00105752	-0.000143623
0.0237383	0.000951456	-8.32528e-05
0.0203873	0.000793197	-2.90123e-05
0.0180899	0.000565738	1.65615e-05
0.0153087	0.000301854	4.77299e-05
0.0120073	-4.67319e-06	5.76498e-05
0.0145062	-0.000320667	3.4375e-05
0.0168017	-0.000559698	-5.49133e-06
0.0190518	-0.000739116	-5.70369e-05
0.0214765	-0.000873214	-0.000116724
0.0249644	-0.000997842	-0.000186685
0.0279342	-0.000928676	-0.000202593
0.0314109	-0.000939209	-0.000257676
0.0360263	-0.000965506	-0.00031891
0.0393559	-0.000928986	-0.000383412
0.0422598	-0.000827033	-0.000407421
0.0444683	-0.000697764	-0.000413092
0.0466673	-0.000568117	-0.000393422
0.0488966	-0.000461546	-0.000400189
0.050465	-0.000349418	-0.000397488
0.0516783	-0.000250383	-0.000404926
0.0523919	-0.000151558	-0.000395379
0.0529971	-7.23366e-05	-0.000385076
0.0532591	1.13937e-06	-0.000379493
0.0529985	7.24479e-05	-0.000385027
0.0523908	0.00015159	-0.000395355
0.0516569	0.000246217	-0.000397627
0.0505204	0.000358377	-0.000414464
0.0489707	0.00047292	-0.000422186
0.0470145	0.000579406	-0.000409507
0.0446854	0.000686995	-0.00038209
0.0420761	0.000792561	-0.000363478
0.0391407	0.00088145	-0.000335918
0.0360435	0.00100285	-0.000346494
0.0327171	0.00105741	-0.000303809
0.0290653	0.00106725	-0.000251083
0.0251934	0.000972134	-0.000174669
0.0223255	0.000943636	-0.000127552
0.0182968	0.000671297	-4.93789e-05
0.0171958	0.000598015	-8.36966e-06
0.0146121	0.000331232	3.39001e-05
0.012013	4.67333e-06	5.75997e-05
0.011783	4.67332e-06	4.21918e-05
0.0151575	-0.000304701	3.44286e-05
0.0182569	-0.000566372	9.1205e-06
0.0209757	-0.000784169	-2.68748e-05
0.0242781	-0.000940245	-7.01212e-05
0.02786	-0.00104325	-0.000117638
0.0314292	-0.00108592	-0.000165763
0.0346482	-0.00107962	-0.000210315
0.0377405	-0.00103581	-0.000248554
0.0404732	-0.000965423	-0.00027795
0.0433514	-0.000887299	-0.000303484
0.0451522	-0.000770019	-0.000311833
0.0470414	-0.000656295	-0.000317559
0.0486504	-0.000539952	-0.000315352
0.0497342	-0.000421624	-0.000309172
0.0503346	-0.000307131	-0.000300492
0.050481	-0.000195401	-0.000294259
0.0503883	-9.12199e-05	-0.000290691
0.0504312	9.28446e-09	-0.000288341
0.050387	9.1173e-05	-0.000290714
0.050483	0.000195404	-0.000294354
0.0503391	0.000307195	-0.000300593
0.0497018	0.000421878	-0.000309345
0.0486043	0.000539165	-0.000316154
0.0471255	0.000656133	-0.000317805
0.0453035	0.000769397	-0.000312318
0.0432268	0.000884813	-0.000303575
0.0404968	0.000964665	-0.000278333
0.0377136	0.00103538	-0.000248347
0.0345911	0.00107956	-0.000209903
0.0313036	0.00108592	-0.000165614
0.0277456	0.00104343	-0.000117564
0.0241812	0.000940408	-7.00538e-05
0.0209036	0.000784315	-2.68213e-05
0.0182034	0.000566368	9.16841e-06
0.0151287	0.0003047	3.44534e-05
0.0117768	-4.67318e-06	4.15224e-05
0.0141841	-0.000326606	2.55341e-05
0.0164067	-0.000569953	-5.14614e-06
0.0188369	-0.000772598	-4.79498e-05
0.0206222	-0.000851704	-8.96086e-05
0.0250708	-0.00102988	-0.000151589
0.0279309	-0.000979308	-0.000179213
0.0329999	-0.00105397	-0.000238553
0.036652	-0.000999374	-0.000272479
0.0398831	-0.000895359	-0.000292658
0.0428598	-0.000772682	-0.000291085
0.0457418	-0.000679981	-0.000319538
0.0469525	-0.000522009	-0.000294255
0.0501477	-0.000445336	-0.000314065
0.0517078	-0.000333144	-0.000302634
0.0528611	-0.000229891	-0.000290145
0.0535965	-0.000136669	-0.000279593
0.0540202	-5.87986e-05	-0.000268927
0.0542992	-4.71256e-07	-0.000264777
0.0540298	6.02634e-05	-0.000270525
0.0535921	0.000134221	-0.000276727
0.0525318	0.000222455	-0.000280628
0.0516965	0.000329429	-0.000297407
0.0501158	0.000440745	-0.000307586
0.0481682	0.000565081	-0.000320795
0.0457939	0.000679181	-0.000320101
0.0430897	0.000806579	-0.000314033
0.0397906	0.000847441	-0.000258925
0.0366507	0.000999331	-0.000272476
0.0329716	0.00102619	-0.000230378
0.0288796	0.00105205	-0.000194467
0.0250722	0.00102992	-0.000151587
0.0217492	0.000944109	-0.000101092
0.019008	0.000788405	-4.94212e-05
0.0168486	0.000612789	-7.76149e-06
0.0142278	0.000330697	2.55623e-05
0.0117839	4.67332e-06	4.15198e-05
0.0115884	4.49138e-06	2.20664e-05
0.0148456	-0.000301783	1.51774e-05
0.0181213	-0.000560576	-3.48909e-06
0.0211541	-0.000768593	-3.06101e-05
0.0244084	-0.000919559	-6.26391e-05
0.027912	-0.00101441	-9.63557e-05
0.0315077	-0.00105466	-0.000130483
0.0349109	-0.0010489	-0.000162669
0.0381126	-0.00100624	-0.000189286
0.0414322	-0.000933543	-0.000204534
0.043717	-0.000838715	-0.000217932
0.0464347	-0.000727992	-0.000219818
0.0483942	-0.000611018	-0.00021777
0.0499894	-0.000492926	-0.000210286
0.0512509	-0.000376518	-0.000200315
0.0519951	-0.000268101	-0.000187874
0.0522504	-0.000167987	-0.0001765
0.0520476	-7.42356e-05	-0.000170017
0.0521103	7.96154e-10	-0.000166421
0.0520479	7.41657e-05	-0.000170012
0.0522554	0.000167966	-0.00017654
0.0520004	0.000268127	-0.000187941
0.051247	0.000376361	-0.000200254
0.0500539	0.000491962	-0.000211185
0.0483239	0.00061046	-0.000219211
0.0463047	0.000727533	-0.000221372
0.0439582	0.000837749	-0.000217181
0.0414342	0.000933865	-0.000205217
0.0383952	0.00100612	-0.000187176
0.0347602	0.0010499	-0.000164001
0.0313003	0.00105308	-0.000131553
0.0277585	0.00101584	-9.7835e-05
0.0242656	0.000919761	-6.37555e-05
0.0210315	0.00076781	-3.14091e-05
0.0180443	0.000560552	-4.06855e-06
0.0148065	0.000301727	1.48872e-05
0.0115889	-4.49124e-06	2.20706e-05
0.0133319	-0.000283901	1.42627e-05
0.0162083	-0.00060493	-7.23015e-06
0.017722	-0.000732543	-3.17919e-05
0.0209117	-0.000929864	-7.04904e-05
0.0235873	-0.000953036	-9.77232e-05
0.0289671	-0.00106651	-0.000141452
0.0330729	-0.00104858	-0.000171616
0.0355242	-0.000916535	-0.000180387
0.0390282	-0.000815516	-0.000190185
0.043639	-0.000787671	-0.000224582
0.0464809	-0.000665702	-0.000228242
0.0479365	-0.000513278	-0.00021317
0.0509959	-0.000420899	-0.000217972
0.0519817	-0.00029875	-0.000198782
0.0537156	-0.000210559	-0.000193248
0.0544191	-0.000123808	-0.000182128
0.0546926	-4.8938e-05	-0.000175579
0.0549625	-2.82533e-08	-0.000170429
0.0546703	4.88622e-05	-0.000175297
0.0544106	0.0001209	-0.000179662
0.0533882	0.00020294	-0.000186174
0.0525761	0.00030446	-0.000201773
0.0509575	0.000414728	-0.000212376
0.0489409	0.000541154	-0.000225665
0.0464802	0.000665704	-0.000228247
0.0436403	0.000787705	-0.000224588
0.0399732	0.00087725	-0.000208387
0.0368033	0.00096344	-0.000189073
0.0319099	0.000979389	-0.000159077
0.0272226	0.000936081	-0.000119077
0.0243876	0.000894732	-9.21113e-05
0.0185673	0.00073819	-5.24336e-05
0.0179561	0.000753124	-3.34112e-05
0.0164061	0.000624494	-8.21882e-06
0.0139574	0.000348623	1.2807e-05
0.0115965	4.49138e-06	2.21259e-05
0.0113199	4.36042e-06	-4.12416e-06
0.014441	-0.000292114	-9.55452e-06
0.0176545	-0.000542582	-2.15026e-05
0.0208707	-0.000740379	-3.84831e-05
0.0241081	-0.000882967	-5.86313e-05
0.0275074	-0.000970297	-7.96895e-05
0.0312326	-0.00101745	-0.000101171
0.0352552	-0.00101709	-0.000114035
0.0386401	-0.00097661	-0.0001286
0.0417062	-0.000901473	-0.000137874
0.0444733	-0.000802242	-0.000141667
0.0469429	-0.000688911	-0.000139831
0.0491387	-0.000569278	-0.000133805
0.0508758	-0.000451091	-0.00012418
0.0522923	-0.000336937	-0.000113605
0.0531751	-0.000233108	-0.000101912
0.0535273	-0.000142411	-9.07639e-05
0.0534065	-6.23898e-05	-8.33922e-05
0.0533087	2.71868e-08	-7.98336e-05
0.0534013	6.24967e-05	-8.33857e-05
0.0535398	0.000142553	-9.08344e-05
0.0531786	0.000233303	-0.000101969
0.0522798	0.000336856	-0.000113539
0.0509516	0.000450069	-0.000124868
0.0491955	0.000569248	-0.000134127
0.0469111	0.000688083	-0.000141764
0.0443423	0.000802739	-0.000144328
0.04166	0.000901876	-0.00013908
0.0385404	0.000976275	-0.000129848
0.0350614	0.00101715	-0.000117115
0.0314326	0.00101691	-9.76566e-05
0.0275442	0.000969833	-7.89383e-05
0.0239033	0.000883027	-6.2035e-05
0.0207063	0.000739867	-4.10772e-05
0.0175437	0.000542252	-2.32647e-05
0.0143851	0.000291946	-1.04473e-05
0.0113201	-4.36028e-06	-4.13091e-06
0.013288	-0.000305603	-2.20152e-06
0.016308	-0.000635165	-8.9416e-06
0.0188345	-0.000842203	-2.26704e-05
0.0213887	-0.000969868	-3.88888e-05
0.0248661	-0.000973187	-5.21797e-05
0.029202	-0.00107493	-8.63474e-05
0.0333408	-0.00105393	-0.000109021
0.0369958	-0.000924217	-0.000114308
0.0405691	-0.000845324	-0.000127947
0.0439751	-0.000775675	-0.000143411
0.0468732	-0.000648232	-0.000143593
0.0494127	-0.000522871	-0.000141362
0.0515213	-0.00040188	-0.000134949
0.0531094	-0.000284895	-0.000122563
0.0542812	-0.000193982	-0.000114885
0.0549057	-0.00011255	-0.000104465
0.055108	-4.45196e-05	-9.89526e-05
0.0551827	5.67866e-09	-9.63632e-05
0.0550849	4.44336e-05	-9.87727e-05
0.0547723	0.000111477	-0.000103416
0.0542812	0.000194005	-0.000114889
0.0531588	0.000291085	-0.000125731
0.0506496	0.000375866	-0.00012455
0.048185	0.000481203	-0.00012822
0.0453486	0.000589296	-0.000129571
0.0421908	0.000692496	-0.000127515
0.0405882	0.000856846	-0.000132848
0.0351115	0.00085301	-0.00011078
0.0332634	0.00102547	-0.000106776
0.0290937	0.00101746	-8.86126e-05
0.02494	0.00104749	-6.01937e-05
0.018755	0.000756077	-2.47148e-05
0.017155	0.000694102	-1.51429e-05
0.0155171	0.000559925	-6.17743e-06
0.0135929	0.000336648	-2.44617e-06
0.0113202	4.36042e-06	-4.4833e-06
0.0109579	4.28145e-06	-3.73519e-05
0.0139663	-0.000274517	-3.88563e-05
0.0169433	-0.000509322	-4.43743e-05
0.0201043	-0.000693125	-5.14045e-05
0.0232141	-0.00082338	-5.9441e-05
0.0270458	-0.000919427	-6.15778e-05
0.0309408	-0.000975957	-6.87928e-05
0.0347389	-0.000982668	-7.4793e-05
0.0383148	-0.000944651	-7.85796e-05
0.0415945	-0.000870144	-7.94314e-05
0.0445572	-0.000769212	-7.76726e-05
0.0471859	-0.0006548	-7.19743e-05
0.0494841	-0.000534088	-6.50231e-05
0.0513586	-0.000416399	-5.62195e-05
0.0528833	-0.000305494	-4.77555e-05
0.0538209	-0.000206954	-3.86463e-05
0.0543395	-0.000121622	-3.2294e-05
0.0542768	-5.30684e-05	-2.72885e-05
0.054036	-1.28608e-09	-2.68864e-05
0.0542789	5.31405e-05	-2.72809e-05
0.0543496	0.000121727	-3.23471e-05
0.0539016	0.000206145	-3.95832e-05
0.0528789	0.000305457	-4.77207e-05
0.0514126	0.000416364	-5.6463e-05
0.0494929	0.000534105	-6.48872e-05
0.0472056	0.000654659	-7.21135e-05
0.0445558	0.000769172	-7.76637e-05
0.0414668	0.000869668	-8.24283e-05
0.0382653	0.00094476	-7.99575e-05
0.0346913	0.000983175	-7.62627e-05
0.0308276	0.000976099	-7.17837e-05
0.0269472	0.000919154	-6.4005e-05
0.0232704	0.000823894	-5.8169e-05
0.0199973	0.000693143	-5.41671e-05
0.0168757	0.000509497	-4.61684e-05
0.0139329	0.000274588	-3.97385e-05
0.0109584	-4.2813e-06	-3.73734e-05
0.0136184	-0.000350332	-2.49614e-05
0.0163679	-0.000641024	-1.72459e-05
0.0192226	-0.00085142	-1.405e-05
0.0220515	-0.0009857	-1.24289e-05
0.0257819	-0.00106988	-1.97286e-05
0.0283922	-0.000991778	-2.76666e-05
0.0339035	-0.00106334	-4.50962e-05
0.0361941	-0.000906395	-4.64632e-05
0.0410057	-0.000858065	-6.74615e-05
0.0441935	-0.000746695	-7.02664e-05
0.0469729	-0.000610982	-7.07943e-05
0.0495551	-0.000504537	-6.75185e-05
0.0516767	-0.000391209	-6.42124e-05
0.0533051	-0.000280247	-5.88528e-05
0.0541992	-0.00018082	-5.12044e-05
0.055011	-0.000104201	-4.56426e-05
0.0550702	-4.26895e-05	-4.11042e-05
0.0549094	-3.30026e-10	-4.14093e-05
0.0550227	4.25079e-05	-4.0927e-05
0.054946	0.000103706	-4.53926e-05
0.0540392	0.000178869	-5.05748e-05
0.0533087	0.000280189	-5.88389e-05
0.0515752	0.000371569	-6.18565e-05
0.049599	0.000513501	-6.77722e-05
0.0470448	0.000625472	-7.0256e-05
0.0425431	0.000684929	-6.56637e-05
0.0411336	0.000889842	-6.34333e-05
0.0376531	0.000992099	-5.55766e-05
0.0335046	0.00103052	-4.51626e-05
0.0295997	0.00107136	-3.16761e-05
0.0257759	0.00106991	-1.9201e-05
0.0220868	0.000989	-1.20909e-05
0.0192688	0.000855617	-1.38511e-05
0.0163892	0.000643927	-1.69478e-05
0.0136262	0.000350841	-2.48982e-05
0.0109586	4.28145e-06	-3.73923e-05
0.0105187	4.25506e-06	-7.53018e-05
0.0134313	-0.000255405	-7.06915e-05
0.0162148	-0.000472299	-6.88794e-05
0.0193066	-0.000641692	-6.57077e-05
0.022271	-0.000758453	-6.13703e-05
0.0259468	-0.000861755	-5.60566e-05
0.0299697	-0.000930225	-4.99523e-05
0.0338614	-0.00094465	-4.32724e-05
0.0375719	-0.000912278	-3.62539e-05
0.0410009	-0.000841049	-2.90192e-05
0.0440984	-0.000743052	-2.15385e-05
0.0468733	-0.000629382	-1.40655e-05
0.0492981	-0.000509679	-7.16912e-06
0.0513544	-0.000393062	-1.27981e-06
0.0529887	-0.000284909	2.8385e-06
0.0540678	-0.000189557	6.2018e-06
0.0546461	-0.000109991	7.3796e-06
0.0546726	-4.75464e-05	7.18841e-06
0.0541835	-1.94753e-08	5.36908e-06
0.0546766	4.75251e-05	7.19219e-06
0.0546509	0.000109998	7.38692e-06
0.054111	0.000189536	6.00236e-06
0.0530052	0.000284987	2.90655e-06
0.0513698	0.000393073	-1.41888e-06
0.0492845	0.000509514	-7.07315e-06
0.0468557	0.000628835	-1.405e-05
0.0440904	0.000742684	-2.15508e-05
0.0410048	0.000841183	-2.90252e-05
0.0375622	0.000911771	-3.62539e-05
0.0338756	0.000945457	-4.32724e-05
0.0299665	0.000929991	-4.99523e-05
0.0259418	0.000861385	-5.60566e-05
0.0222714	0.000758479	-6.13703e-05
0.0193068	0.000641714	-6.57077e-05
0.0162149	0.000472315	-6.88794e-05
0.0134314	0.000255414	-7.06915e-05
0.0105191	-4.25491e-06	-7.53382e-05
0.0135213	-0.000358602	-5.2185e-05
0.0164224	-0.000649243	-3.30921e-05
0.0196109	-0.000864477	-1.3879e-05
0.0226767	-0.00100376	4.14399e-06
0.0263899	-0.00108757	1.09371e-05
0.0290117	-0.0010132	1.0179e-05
0.0328201	-0.000989975	9.70648e-06
0.0365098	-0.000928282	7.53465e-06
0.0399716	-0.000836979	4.55925e-06
0.0430342	-0.000699367	-1.17572e-05
0.0460552	-0.00061154	-7.34845e-07
0.0493764	-0.00049816	-6.87631e-06
0.0514525	-0.000390719	-2.74391e-06
0.0530341	-0.000278499	-1.88472e-06
0.054102	-0.000181301	-1.89049e-07
0.0545585	-0.000101573	1.34533e-06
0.0546453	-4.22181e-05	1.69924e-06
0.0541475	-2.0387e-12	9.77358e-12
0.0546303	4.2167e-05	1.69976e-06
0.0545584	0.00010156	1.34723e-06
0.0537535	0.000177051	-1.88167e-07
0.0530344	0.000278536	-1.88422e-06
0.0514503	0.000390776	-2.74377e-06
0.0494388	0.000514201	-2.30598e-06
0.0470663	0.000644445	-7.29069e-07
0.0443603	0.000774934	1.6386e-06
0.041315	0.000897169	4.55824e-06
0.0377903	0.000954786	-1.28253e-05
0.0342781	0.0010761	1.00806e-05
0.0304079	0.00110842	1.15153e-05
0.0259408	0.00105455	1.09113e-05
0.022676	0.00100375	4.15648e-06
0.019612	0.000864492	-1.3911e-05
0.0164152	0.000649139	-3.29994e-05
0.0135249	0.000358435	-5.24238e-05
0.0105187	4.25506e-06	-7.53018e-05
0.010995	4.28146e-06	-0.000106726
0.0136131	-0.000227199	-0.000101957
0.0161896	-0.000419579	-9.51536e-05
0.0189321	-0.000566194	-8.47492e-05
0.0216208	-0.000666645	-7.14876e-05
0.0252683	-0.000776207	-5.45459e-05
0.0294252	-0.000862455	-3.51969e-05
0.0334446	-0.000892306	-1.58331e-05
0.0372484	-0.000871656	2.3276e-06
0.040794	-0.000810733	1.84358e-05
0.0440307	-0.000720421	3.18439e-05
0.0469142	-0.000613068	4.26952e-05
0.049442	-0.000498751	5.0668e-05
0.0515404	-0.000385209	5.54086e-05
0.0532071	-0.000280322	5.81768e-05
0.0543728	-0.000187205	5.70636e-05
0.0549729	-0.00011035	5.47914e-05
0.0550384	-4.9874e-05	5.10761e-05
0.0548832	-2.32519e-08	4.63409e-05
0.0550384	4.99366e-05	5.14596e-05
0.0550148	0.000109949	5.36258e-05
0.0544152	0.000186868	5.62474e-05
0.0532125	0.000280411	5.8215e-05
0.0515524	0.000385446	5.54474e-05
0.0494288	0.000498391	5.05985e-05
0.0468876	0.000612178	4.25844e-05
0.0440316	0.000720415	3.18397e-05
0.040788	0.00081047	1.84108e-05
0.0372461	0.000871562	2.32073e-06
0.0334459	0.000892375	-1.58289e-05
0.0294343	0.000863055	-3.51667e-05
0.0252651	0.000775975	-5.45553e-05
0.0216203	0.000666603	-7.14889e-05
0.0189305	0.000566058	-8.47524e-05
0.0161893	0.000419549	-9.51541e-05
0.0136128	0.000227174	-0.000101957
0.010995	-4.2813e-06	-0.000106726
0.0141401	-0.0003572	-8.24047e-05
0.0172524	-0.000647915	-5.63339e-05
0.0205425	-0.000867953	-2.59872e-05
0.023676	-0.00100527	4.1449e-06
0.0274402	-0.00109934	2.71381e-05
0.031181	-0.00103917	5.35403e-06
0.0349566	-0.00102322	2.07866e-05
0.0385076	-0.000964607	3.35409e-05
0.0417646	-0.000873453	4.35997e-05
0.04471	-0.000760848	5.113e-05
0.0473257	-0.000636205	5.6372e-05
0.0495785	-0.000509126	5.99013e-05
0.0514731	-0.000392006	6.32166e-05
0.0526776	-0.000281066	6.27776e-05
0.0536274	-0.000183754	6.12399e-05
0.0542145	-0.000106118	6.00682e-05
0.0542208	-4.65547e-05	5.78566e-05
0.0539698	-1.3253e-12	5.36851e-05
0.0542171	4.6575e-05	5.78851e-05
0.0543049	0.000106886	6.04388e-05
0.0537044	0.000184762	6.15663e-05
0.0529236	0.000285389	6.38207e-05
0.0514949	0.000399337	6.54063e-05
0.049579	0.000511098	6.0817e-05
0.0473296	0.000638896	5.79847e-05
0.0440824	0.000740269	5.11422e-05
0.0418839	0.000909583	6.61015e-05
0.0385328	0.000973097	3.84281e-05
0.035117	0.00108729	5.43074e-05
0.0313425	0.00111995	4.30633e-05
0.0274392	0.00109932	2.71572e-05
0.023778	0.0010135	4.39483e-06
0.0205378	0.000867865	-2.58734e-05
0.0172508	0.000647867	-5.6363e-05
0.0141452	0.000357036	-8.24489e-05
0.010995	4.28146e-06	-0.000106726
0.0113901	4.36044e-06	-0.000122419
0.0137106	-0.000199053	-0.000118306
0.0161068	-0.00036617	-0.000107942
0.0184698	-0.000491128	-9.22138e-05
0.0208935	-0.000575322	-7.24483e-05
0.0243941	-0.000686017	-4.58929e-05
0.0287072	-0.000794367	-1.31868e-05
0.0328537	-0.00084222	1.93793e-05
0.0367455	-0.000835562	4.92149e-05
0.0403647	-0.00078633	7.49346e-05
0.0436702	-0.000705834	9.55293e-05
0.0466436	-0.000606015	0.000110659
0.0492486	-0.000497181	0.000120229
0.0514204	-0.000387796	0.000124763
0.0531093	-0.000284683	0.000125029
0.0542605	-0.000193276	0.000121665
0.0549036	-0.00011727	0.000115853
0.0551198	-5.89805e-05	0.000107009
0.0552078	-4.25483e-12	0.000102993
0.0551349	5.90419e-05	0.000107136
0.0549093	0.00011731	0.0001159
0.0542537	0.000193187	0.000121604
0.0531042	0.000284577	0.000124978
0.0514171	0.000387699	0.000124727
0.0492423	0.000497014	0.000120179
0.0466462	0.000606126	0.000110687
0.043659	0.000705396	9.54388e-05
0.0403703	0.000786613	7.49819e-05
0.0367491	0.00083575	4.92413e-05
0.0328402	0.000841425	1.92827e-05
0.0287108	0.000794603	-1.31632e-05
0.0243972	0.00068626	-4.58732e-05
0.0208913	0.000575131	-7.24603e-05
0.0184681	0.000490989	-9.22203e-05
0.0161061	0.000366109	-0.000107946
0.0137103	0.00019903	-0.000118308
0.0113901	-4.36028e-06	-0.000122419
0.0146573	-0.000353627	-9.9395e-05
0.0179883	-0.00064254	-6.84644e-05
0.0213209	-0.000864961	-2.98234e-05
0.0246752	-0.00101359	1.06297e-05
0.0280209	-0.00100963	7.07515e-06
0.0318513	-0.00106669	5.10191e-05
0.0355968	-0.00109645	0.0001069
0.0388504	-0.000987017	9.87774e-05
0.0419237	-0.000894702	0.000116128
0.044725	-0.000781493	0.000128558
0.0472435	-0.000674225	0.000148705
0.0492822	-0.000528301	0.000140912
0.0506631	-0.000397611	0.000138968
0.0523139	-0.000300245	0.000141993
0.0531339	-0.000199818	0.000136959
0.0534485	-0.000117939	0.000131212
0.0533065	-5.73002e-05	0.000123886
0.0532034	-5.74004e-13	0.000120602
0.0533043	5.7314e-05	0.000123914
0.0534502	0.000117908	0.0001312
0.0530017	0.000198228	0.000135946
0.0523141	0.000300273	0.000142006
0.0510377	0.000415835	0.00014616
0.0493248	0.000542322	0.000148724
0.0472481	0.00067429	0.000148679
0.0447953	0.00080491	0.000145553
0.0420132	0.000925237	0.000138175
0.0389445	0.00102591	0.000125426
0.0355954	0.00109641	0.000106923
0.0319591	0.00112339	8.22848e-05
0.0281646	0.00109824	5.00594e-05
0.0246719	0.00101353	1.07106e-05
0.0213171	0.000864895	-2.97336e-05
0.0179873	0.000642497	-6.84956e-05
0.0146558	0.000353622	-9.93519e-05
0.0113902	4.36044e-06	-0.000122417
0.0116978	4.4914e-06	-0.000122653
0.0139391	-0.000184759	-0.000118796
0.016233	-0.000340693	-0.000105017
0.018436	-0.00045949	-8.38536e-05
0.0207383	-0.000538135	-5.83941e-05
0.0240844	-0.000644844	-2.3285e-05
0.0284359	-0.000765332	2.25584e-05
0.0325907	-0.000822451	6.77664e-05
0.0364913	-0.000824652	0.000109206
0.0400948	-0.000782412	0.000144608
0.0433517	-0.000706943	0.000172434
0.0462597	-0.000611043	0.00019243
0.0487763	-0.000504955	0.000204696
0.0508987	-0.000398297	0.000210275
0.0525427	-0.000296817	0.000209833
0.0536835	-0.000206208	0.000204678
0.0544032	-0.000131471	0.000195279
0.0546989	-7.12333e-05	0.000185231
0.0549822	-4.50693e-12	0.000183401
0.0547212	7.13265e-05	0.000185507
0.0544157	0.000131567	0.000195419
0.0536827	0.000206197	0.000204668
0.0525354	0.000296671	0.00020973
0.0508766	0.000397822	0.000210009
0.0487764	0.00050496	0.000204698
0.0462653	0.000611256	0.000192509
0.0433496	0.00070688	0.000172414
0.0400941	0.00078238	0.000144599
0.0364852	0.000824305	0.000109131
0.0325924	0.000822557	6.77833e-05
0.0284251	0.000764605	2.24496e-05
0.0240838	0.000644818	-2.32881e-05
0.0207343	0.000537822	-5.84236e-05
0.0184359	0.000459489	-8.38536e-05
0.0162331	0.000340695	-0.000105017
0.0139387	0.000184724	-0.000118797
0.0116978	-4.49124e-06	-0.000122654
0.015086	-0.000347401	-0.000101732
0.0184482	-0.00062813	-6.66959e-05
0.0215739	-0.000829341	-2.24963e-05
0.0249197	-0.000981502	2.74934e-05
0.0285098	-0.00107835	7.94142e-05
0.0321783	-0.00111415	0.000127612
0.0355383	-0.00103504	0.000124592
0.0389101	-0.00103686	0.000197815
0.0417513	-0.000917239	0.000201422
0.0443591	-0.000806443	0.000219933
0.04664	-0.000682041	0.000230523
0.0481187	-0.000541914	0.000230036
0.0500958	-0.000429628	0.000235185
0.0512289	-0.000315682	0.000231001
0.0519107	-0.000216544	0.000223943
0.0521158	-0.000134702	0.000214861
0.0519005	-7.03114e-05	0.000204782
0.0519503	1.89045e-13	0.00020285
0.0518964	7.0339e-05	0.000204857
0.0521136	0.00013472	0.0002148
0.0519055	0.000216707	0.000224037
0.0510711	0.00031871	0.000231024
0.0497816	0.000423325	0.000231614
0.0485735	0.000565384	0.000242508
0.0466202	0.00068317	0.000231673
0.0443505	0.000808083	0.000221393
0.0417549	0.00092121	0.000204603
0.0389068	0.00103687	0.000197845
0.035668	0.00109932	0.000167873
0.0321776	0.00111414	0.000127642
0.0285086	0.00107831	7.94348e-05
0.0240961	0.000914325	2.12193e-05
0.0212909	0.000804147	-2.4231e-05
0.0183121	0.000615103	-6.72977e-05
0.0150866	0.000347406	-0.000101749
0.0116979	4.4914e-06	-0.000122652
0.0119316	4.67335e-06	-0.000110674
0.0143434	-0.000192766	-0.000105026
0.0167306	-0.000357442	-8.65543e-05
0.0190523	-0.000487436	-5.85249e-05
0.0214511	-0.000579339	-2.42929e-05
0.0245879	-0.000672857	1.9216e-05
0.0286527	-0.000779378	7.55871e-05
0.0325847	-0.000830017	0.000131464
0.0362871	-0.000829831	0.00018276
0.039715	-0.000788162	0.00022673
0.0428249	-0.000715231	0.000261525
0.0456052	-0.000622566	0.000286812
0.0480165	-0.000519656	0.0003027
0.0500371	-0.000415175	0.000309947
0.0516356	-0.000315506	0.00031047
0.0528117	-0.000226424	0.000303798
0.0535736	-0.000150238	0.000293875
0.0540245	-7.96893e-05	0.00028625
0.0543274	-4.60597e-12	0.000285485
0.0540366	7.97404e-05	0.000286449
0.053588	0.000150364	0.00029412
0.0528219	0.000226548	0.000303958
0.051639	0.000315549	0.00031051
0.0500215	0.000414818	0.000309683
0.0479984	0.000519166	0.000302408
0.0456039	0.000622543	0.000286802
0.0428328	0.00071555	0.000261655
0.0397073	0.000787803	0.000226607
0.0362836	0.000829665	0.000182713
0.0325814	0.000829807	0.000131413
0.0286533	0.000779417	7.55947e-05
0.0245949	0.000673381	1.92996e-05
0.0214468	0.000578999	-2.43352e-05
0.01905	0.000487237	-5.85431e-05
0.0167293	0.000357313	-8.6562e-05
0.0143429	0.000192714	-0.000105028
0.0119316	-4.67319e-06	-0.000110674
0.0154065	-0.000337418	-8.95998e-05
0.0185009	-0.000594502	-5.17022e-05
0.0213085	-0.000764453	-3.96227e-06
0.0247109	-0.000929611	5.46944e-05
0.0283496	-0.00103808	0.000117247
0.0319705	-0.00109033	0.000178154
0.0352013	-0.00102994	0.000192226
0.0383448	-0.00099497	0.000241234
0.0411306	-0.000914992	0.000278436
0.0435989	-0.000843943	0.000330675
0.0456175	-0.00070903	0.00033453
0.0470521	-0.000574725	0.000336164
0.0485511	-0.000455557	0.00033803
0.0496748	-0.000343846	0.00033469
0.0502173	-0.000242145	0.000325282
0.050316	-0.00015571	0.000313288
0.0501928	-7.99478e-05	0.00030388
0.0502246	2.14567e-09	0.000302125
0.0501966	7.99285e-05	0.000303793
0.0503214	0.000155749	0.000313282
0.0502184	0.000243751	0.000325853
0.0496797	0.00034799	0.000336503
0.0487132	0.000465646	0.000344088
0.0473522	0.000591818	0.000346675
0.0456385	0.000720402	0.000342757
0.0435945	0.000844022	0.000330712
0.0412174	0.000954697	0.000309192
0.0380577	0.00102382	0.00027226
0.0353016	0.00108773	0.000232505
0.0319655	0.00109024	0.000178215
0.0283501	0.00103809	0.000117233
0.0241281	0.000882045	4.87446e-05
0.0210855	0.000744501	-5.76568e-06
0.0185026	0.000594224	-5.1739e-05
0.0154131	0.000337566	-8.96298e-05
0.0119316	4.67335e-06	-0.000110674
0.0121708	4.67336e-06	-8.68042e-05
0.0146631	-0.000201973	-7.9028e-05
0.0171388	-0.000376139	-5.55015e-05
0.0195571	-0.000515842	-2.02618e-05
0.0220297	-0.000618479	2.32526e-05
0.0249646	-0.000703465	7.47857e-05
0.0287028	-0.000795014	0.000139948
0.0323695	-0.000838579	0.000205037
0.035851	-0.000836955	0.000265499
0.0390888	-0.000797131	0.000317978
0.0420333	-0.000727755	0.000360199
0.0446576	-0.000638767	0.000391179
0.0469401	-0.000539447	0.000411597
0.0488507	-0.000437429	0.00042247
0.0504499	-0.000340825	0.000424315
0.0515805	-0.000250598	0.000419897
0.0523161	-0.000170818	0.000412239
0.05295	-8.77151e-05	0.000408485
0.0532042	-2.00827e-08	0.000407822
0.0529561	8.7766e-05	0.000408515
0.0523209	0.000170883	0.000412214
0.0515773	0.000250555	0.000419689
0.0504382	0.000340587	0.00042404
0.0488491	0.000437409	0.00042245
0.0469381	0.000539386	0.00041155
0.0446466	0.000638383	0.000390946
0.0420192	0.000727201	0.00035992
0.039071	0.000796309	0.000317631
0.0358421	0.000836483	0.000265332
0.0323761	0.000838966	0.000205152
0.0287068	0.000795286	0.000140015
0.0249579	0.00070296	7.46862e-05
0.0220272	0.000618271	2.32207e-05
0.0195561	0.000515753	-2.02718e-05
0.017137	0.000375964	-5.55145e-05
0.0146645	0.000202116	-7.90227e-05
0.0121708	-4.67321e-06	-8.68042e-05
0.015581	-0.00032464	-6.54014e-05
0.0183316	-0.000546835	-2.56988e-05
0.0207279	-0.000677365	2.20162e-05
0.0241416	-0.000858176	8.74366e-05
0.0277613	-0.00098149	0.000159635
0.0312875	-0.00105083	0.000232415
0.0345154	-0.0010642	0.000299422
0.037496	-0.00103166	0.000357002
0.0401108	-0.000926316	0.000375378
0.0424503	-0.000861353	0.000432684
0.0442677	-0.000724077	0.000436509
0.0458006	-0.000619147	0.000458081
0.0469415	-0.000495232	0.000457572
0.0477187	-0.000377905	0.000450551
0.0481102	-0.000271791	0.000438964
0.0480762	-0.00017919	0.000425749
0.0480763	-8.95065e-05	0.000418809
0.0480898	1.4358e-09	0.000417377
0.0480751	8.95168e-05	0.000418847
0.0480712	0.00017926	0.000425918
0.0481035	0.000271766	0.00043926
0.0477054	0.000374865	0.000449348
0.0469379	0.000495178	0.00045775
0.0456308	0.000614331	0.000454692
0.044311	0.000743752	0.000450488
0.0424513	0.000861352	0.000432645
0.0401809	0.000962151	0.000402395
0.0372014	0.000988422	0.000330073
0.0345102	0.0010639	0.000299361
0.0310763	0.00103665	0.000228968
0.027763	0.000981638	0.000159671
0.0240183	0.000847901	8.58445e-05
0.0207376	0.000677756	2.21058e-05
0.0182546	0.000538784	-2.63359e-05
0.015586	0.000324776	-6.53976e-05
0.0121708	4.67336e-06	-8.68042e-05
0.0124089	4.49141e-06	-5.37357e-05
0.0148531	-0.000208635	-4.41053e-05
0.0173904	-0.000390948	-1.56704e-05
0.0198806	-0.000539789	2.68037e-05
0.0224555	-0.000653013	7.97978e-05
0.0252139	-0.000735677	0.000139864
0.028578	-0.000811731	0.000212077
0.0319577	-0.000848501	0.000285092
0.0351755	-0.000844743	0.000353349
0.0381954	-0.000807194	0.000413772
0.040946	-0.000741846	0.000463419
0.0434069	-0.000657624	0.000501553
0.045553	-0.000562639	0.000528425
0.0473896	-0.000464398	0.000542284
0.0488947	-0.000368375	0.000548123
0.0500179	-0.00027755	0.00054834
0.0507191	-0.000192031	0.000545719
0.0514938	-9.63176e-05	0.000547061
0.0518047	-1.31462e-07	0.00054828
0.0514722	9.61942e-05	0.00054723
0.0507026	0.000191856	0.000546165
0.0500484	0.000277977	0.000548023
0.048925	0.00036893	0.000547949
0.0474047	0.000464727	0.000542116
0.0455541	0.00056266	0.000528444
0.0434001	0.000657379	0.000501378
0.0409466	0.000741856	0.000463425
0.0381934	0.000807094	0.000413723
0.0351765	0.000844822	0.000353382
0.0319536	0.000848247	0.000285003
0.0285721	0.000811295	0.000211951
0.0252125	0.000735583	0.000139842
0.0224554	0.00065302	7.9799e-05
0.0198797	0.000539718	2.67943e-05
0.0173923	0.000391128	-1.56545e-05
0.0148537	0.000208699	-4.41025e-05
0.0124089	-4.49126e-06	-5.37357e-05
0.0156115	-0.000309107	-3.25287e-05
0.0180041	-0.000490982	7.44625e-06
0.0198827	-0.000588033	5.23353e-05
0.0232363	-0.000769539	0.000121349
0.0268048	-0.000911918	0.000202897
0.0301894	-0.000997131	0.000286399
0.0333148	-0.00102725	0.000365029
0.0361659	-0.00101069	0.000434427
0.0386707	-0.000929256	0.000472332
0.040936	-0.00087306	0.000535889
0.0426596	-0.000751967	0.000553684
0.0439576	-0.00064533	0.000575026
0.0448737	-0.000524896	0.000577852
0.0454545	-0.000408974	0.000573088
0.0456711	-0.000301221	0.000562928
0.0455611	-0.000203043	0.000550977
0.0455658	-9.88216e-05	0.000546512
0.0455848	3.1781e-10	0.000545637
0.0455664	9.88218e-05	0.000546503
0.0455624	0.000203062	0.000551083
0.0456745	0.000301191	0.000562904
0.0454321	0.00040821	0.000572619
0.0448646	0.000524724	0.000578269
0.0439438	0.000645186	0.000575295
0.0426847	0.000764095	0.000562424
0.0407703	0.000848477	0.000518867
0.0387172	0.000956934	0.00049221
0.03612	0.00101054	0.000433832
0.0333084	0.00102705	0.000364969
0.0301808	0.000996589	0.000286277
0.0268093	0.00091221	0.000202951
0.0229506	0.000745649	0.000117021
0.0198819	0.000587802	5.23386e-05
0.0179247	0.000482256	6.65263e-06
0.0155945	0.000306318	-3.25765e-05
0.0124089	4.49141e-06	-5.37357e-05
0.0125396	4.36045e-06	-1.52318e-05
0.0149739	-0.000213304	-3.90048e-06
0.0174828	-0.000401876	2.8792e-05
0.0200184	-0.000558852	7.82876e-05
0.022681	-0.000681293	0.000140295
0.0253695	-0.000770938	0.000210981
0.0282825	-0.000829397	0.000287497
0.0313459	-0.000858841	0.000366684
0.0342938	-0.00085394	0.000442208
0.0370616	-0.000818167	0.000510121
0.0395947	-0.000756944	0.000567527
0.0418685	-0.000677467	0.000612687
0.0438703	-0.000586743	0.000644161
0.0455669	-0.000491159	0.00066527
0.0469531	-0.000395831	0.000678221
0.0480182	-0.000303935	0.000685179
0.0489348	-0.000208059	0.000690063
0.0496927	-0.000104495	0.000695655
0.0499247	-1.74855e-07	0.000699526
0.049739	0.000104682	0.000697722
0.0489026	0.000207917	0.000690553
0.048036	0.000304113	0.000685
0.0469736	0.000396106	0.000678017
0.0455773	0.000491291	0.000664862
0.0438846	0.000587073	0.000644088
0.0418783	0.000677803	0.000612877
0.0396005	0.000757217	0.000567714
0.0370531	0.00081774	0.000509876
0.0342803	0.000853172	0.000441838
0.0313349	0.000858131	0.000366399
0.0282772	0.000829018	0.000287371
0.0253655	0.000770625	0.000210897
0.022677	0.000680961	0.000140226
0.0200163	0.000558653	7.8257e-05
0.0174818	0.000401782	2.87825e-05
0.0149738	0.000213302	-3.90056e-06
0.0125396	-4.36031e-06	-1.52318e-05
0.0155609	-0.000290606	5.01984e-06
0.017756	-0.000464202	4.25335e-05
0.0189892	-0.000500335	8.439e-05
0.0220778	-0.000671952	0.000153407
0.0255142	-0.000826767	0.000241274
0.0287478	-0.000929524	0.000334152
0.0317369	-0.000976685	0.000424281
0.0344495	-0.000976691	0.000505732
0.0368745	-0.000938586	0.00057533
0.0389751	-0.000870519	0.000632639
0.0406786	-0.000778312	0.000671889
0.0418598	-0.000668018	0.000693866
0.0425624	-0.000552512	0.000701987
0.0429069	-0.000439061	0.00070033
0.0429599	-0.000330322	0.000693041
0.0429422	-0.00022113	0.000685866
0.0428372	-0.000108194	0.000681998
0.042722	-1.14177e-09	0.000681204
0.0428398	0.000108187	0.000681972
0.0429482	0.000221098	0.000685812
0.0429576	0.000330382	0.000693221
0.0429035	0.000439135	0.000700495
0.0425306	0.000551863	0.000701731
0.0418567	0.000667678	0.000694361
0.0406698	0.000778042	0.000672659
0.0389687	0.000870989	0.000631563
0.0368409	0.000938479	0.000574195
0.0344523	0.000977141	0.000505227
0.0317462	0.000977471	0.000424082
0.0287397	0.000929225	0.00033407
0.0255163	0.000827126	0.000241372
0.0220266	0.000667625	0.000152515
0.0189923	0.000500421	8.43795e-05
0.0177035	0.000458195	4.19721e-05
0.015566	0.00029073	5.0045e-06
0.0125396	4.36045e-06	-1.52318e-05
0.0125637	4.28147e-06	2.39211e-05
0.0150032	-0.000214978	3.65414e-05
0.0174102	-0.000407148	7.2795e-05
0.0199454	-0.000568111	0.000128252
0.0225989	-0.000696106	0.000197856
0.0251941	-0.00078885	0.000277161
0.0277998	-0.000844925	0.000360884
0.0305405	-0.000869091	0.000445785
0.0331822	-0.000861914	0.000527039
0.0356782	-0.000827807	0.000601611
0.0379784	-0.000769671	0.000663755
0.0400811	-0.000695443	0.000714986
0.0418966	-0.000608798	0.000754498
0.0434604	-0.000516715	0.000784496
0.0447342	-0.000422561	0.000805583
0.0457415	-0.000329008	0.000820566
0.0467865	-0.000221805	0.000834808
0.0474242	-0.000112373	0.000847435
0.0476718	-2.36573e-07	0.000849359
0.047353	0.000112104	0.000844865
0.0467397	0.000221745	0.000834956
0.0457086	0.00032893	0.000821167
0.044688	0.00042218	0.00080614
0.0434086	0.000516074	0.000785105
0.0418637	0.000608571	0.000755775
0.0400315	0.000694292	0.000715216
0.0379689	0.000769538	0.000664052
0.0356836	0.000828084	0.000601789
0.0331793	0.000861763	0.000526958
0.0305319	0.000868527	0.000445531
0.0277974	0.000844746	0.000360818
0.0251924	0.00078871	0.000277119
0.0225911	0.000695434	0.000197699
0.019942	0.000567797	0.000128198
0.0174084	0.000406964	7.27742e-05
0.0150023	0.000214887	3.65362e-05
0.0125637	-4.28134e-06	2.39211e-05
0.0154152	-0.000270738	4.3678e-05
0.0176394	-0.000451421	8.33776e-05
0.0187512	-0.000481509	0.000119631
0.0207967	-0.00057414	0.000180551
0.0239838	-0.000728273	0.000269937
0.026972	-0.000849523	0.000371569
0.029896	-0.000915225	0.000472375
0.0324394	-0.000931745	0.000565235
0.0346058	-0.000908996	0.000645066
0.0366108	-0.000856732	0.000713573
0.0382466	-0.000780303	0.000768503
0.0394108	-0.000684203	0.000805931
0.0401321	-0.000577	0.000826501
0.0404082	-0.000465989	0.000833241
0.0403447	-0.000356954	0.000831004
0.040407	-0.000236984	0.000829246
0.0402621	-0.000117351	0.00082697
0.0401436	3.2844e-12	0.000826353
0.0402668	0.000117336	0.000826886
0.0404136	0.000236941	0.000829105
0.0403467	0.000356918	0.000830876
0.0404078	0.000465944	0.000833063
0.0401372	0.000576663	0.000826737
0.0394087	0.000684057	0.000806214
0.0381777	0.00077771	0.000766748
0.0365814	0.000856232	0.000713939
0.034589	0.00090857	0.000645721
0.0324358	0.000932138	0.000564092
0.0298196	0.000914028	0.000471016
0.0269239	0.000847141	0.000369718
0.0239556	0.0007264	0.000268592
0.0206692	0.000563183	0.000177998
0.0186868	0.000475472	0.000118606
0.0176389	0.000451375	8.34505e-05
0.0154197	0.00027085	4.36651e-05
0.0125623	4.28147e-06	2.44035e-05
0.0124808	4.25507e-06	5.98168e-05
0.0148437	-0.00020911	7.31831e-05
0.0171635	-0.000397831	0.000111474
0.019528	-0.000556368	0.000169889
0.0220631	-0.000684339	0.000244248
0.0245235	-0.000778475	0.000329237
0.0269025	-0.00083892	0.000420067
0.0293268	-0.000863179	0.000509811
0.031737	-0.000859457	0.000596867
0.0339857	-0.000828557	0.000676206
0.0360337	-0.000775831	0.000746856
0.0379428	-0.000707101	0.000805515
0.039593	-0.000626012	0.0008541
0.0409949	-0.000537705	0.000893266
0.0421234	-0.000445128	0.00092254
0.043314	-0.000343224	0.000948054
0.0440655	-0.000232727	0.000969651
0.0448027	-0.000117719	0.00098366
0.0451174	-2.78622e-12	0.000991234
0.0447868	0.000117629	0.000982959
0.0440656	0.000232728	0.000969655
0.0432358	0.000343131	0.00094819
0.042165	0.000445467	0.000922746
0.041011	0.00053775	0.000892943
0.0396084	0.000626299	0.000854214
0.037966	0.000707453	0.000805309
0.0360998	0.000776782	0.000745659
0.0340175	0.000828834	0.000675176
0.0317364	0.000859412	0.00059684
0.0293315	0.00086351	0.000509974
0.0269024	0.000838912	0.000420062
0.0245195	0.000778152	0.000329129
0.0220627	0.000684308	0.000244238
0.0195281	0.000556375	0.00016989
0.0171625	0.000397735	0.000111462
0.0148435	0.000209096	7.31822e-05
0.0124808	-4.25496e-06	5.98168e-05
0.0151346	-0.000249558	7.90421e-05
0.0174659	-0.000440237	0.000120842
0.0187788	-0.000503423	0.000164303
0.0201849	-0.000540187	0.000212035
0.0224371	-0.0006398	0.000290032
0.0252956	-0.000765579	0.000395064
0.0278253	-0.000844983	0.000502372
0.0302353	-0.000877143	0.00060399
0.0323453	-0.000871038	0.000696032
0.0341164	-0.000832698	0.000777345
0.0354422	-0.000768789	0.000843777
0.0366637	-0.000688459	0.000898961
0.0373925	-0.000591758	0.000934215
0.0377597	-0.000488091	0.00095607
0.0380643	-0.000372554	0.000968926
0.0382266	-0.000249064	0.000976924
0.0381988	-0.000124223	0.000981282
0.0381299	3.60405e-12	0.000983487
0.0381935	0.000124239	0.000981383
0.0382291	0.000249053	0.000976903
0.038066	0.000372545	0.000968926
0.0377548	0.000488151	0.000956091
0.037385	0.000591899	0.00093439
0.0366527	0.000688068	0.000898776
0.0354406	0.000768847	0.000844568
0.0340791	0.000831982	0.000777199
0.0321159	0.000866087	0.000693761
0.0302224	0.000876672	0.000604393
0.027817	0.000844848	0.000503081
0.0252687	0.000765929	0.000393676
0.022432	0.000639715	0.000288662
0.0201702	0.000539137	0.00021056
0.0187766	0.00050334	0.000163204
0.0174453	0.000438034	0.000120537
0.0151365	0.00024924	7.8928e-05
0.0124774	4.25507e-06	6.08458e-05
0.0122937	4.28147e-06	8.89844e-05
0.0145185	-0.0001972	0.000101764
0.0167015	-0.000376578	0.000140031
0.0189498	-0.000529452	0.000199188
0.0212065	-0.00065217	0.00027387
0.0234778	-0.000744662	0.000360507
0.0256484	-0.000806131	0.000453667
0.0277619	-0.000835333	0.000548131
0.0298857	-0.000837051	0.000639962
0.0319095	-0.000814603	0.000727075
0.0337492	-0.000770132	0.00080558
0.0353936	-0.000708609	0.000874302
0.036825	-0.00063411	0.000932355
0.0380521	-0.000550929	0.000980088
0.0393699	-0.000463315	0.00103153
0.0404519	-0.000354134	0.00106195
0.0413102	-0.000238947	0.00108352
0.0418345	-0.000120552	0.0010972
0.0420492	2.68756e-07	0.0011037
0.0418488	0.000120535	0.00109773
0.0413029	0.000238737	0.00108297
0.0405151	0.000355254	0.00106515
0.0393863	0.000463705	0.00103235
0.0383018	0.000551825	0.000979304
0.0368262	0.000634144	0.000932401
0.0353982	0.000708804	0.000874516
0.0337498	0.000770172	0.000805615
0.0319109	0.000814681	0.000727133
0.0298862	0.000837101	0.000639994
0.0277633	0.000835428	0.000548182
0.0256434	0.000805758	0.0004535
0.0234787	0.000744746	0.000360535
0.0212072	0.000652242	0.000273888
0.0189492	0.000529406	0.000199177
0.0167021	0.000376637	0.000140039
0.0145184	0.00019719	0.000101764
0.0122935	-4.28136e-06	8.91169e-05
0.0147264	-0.000227126	0.000105251
0.0170882	-0.000423767	0.000147996
0.0187318	-0.000518242	0.000197774
0.0200435	-0.00055795	0.000248945
0.0215974	-0.000607929	0.000311863
0.0236579	-0.00069238	0.000403966
0.0258813	-0.000769866	0.000511006
0.0279047	-0.000812949	0.000621016
0.0298109	-0.000819403	0.000722294
0.0313941	-0.000795023	0.000814325
0.0327011	-0.000745605	0.000894126
0.0334655	-0.000676191	0.000960538
0.0342494	-0.000593198	0.00101361
0.0348842	-0.000494463	0.00105264
0.0355101	-0.000378648	0.00108366
0.0357734	-0.000255183	0.00110334
0.0358532	-0.00012817	0.00111498
0.0358685	3.78589e-12	0.00111796
0.0358494	0.000128131	0.00111464
0.0357786	0.000255172	0.00110332
0.0355115	0.000378666	0.00108361
0.0349001	0.000494968	0.00105365
0.0342648	0.00059346	0.00101407
0.0337116	0.000676897	0.000961119
0.0327068	0.00074577	0.000894672
0.0313834	0.000794804	0.000814452
0.029804	0.000819298	0.000722625
0.0279054	0.000813168	0.000621593
0.0258234	0.000768108	0.000510991
0.0236437	0.000692708	0.000404708
0.0215888	0.000607566	0.000312224
0.0200086	0.000555168	0.000248638
0.0187146	0.000516577	0.000197827
0.0170861	0.000423589	0.000148265
0.0147246	0.000227118	0.000105439
0.0122943	4.28147e-06	8.83841e-05
0.0121836	4.36044e-06	0.000101764
0.0141932	-0.000180012	0.000114822
0.016186	-0.000345231	0.000152401
0.0182574	-0.000488841	0.000210417
0.0202564	-0.000605449	0.000284636
0.0222065	-0.00069507	0.000370649
0.0241277	-0.000756681	0.000463872
0.0259899	-0.00079094	0.000560457
0.0278053	-0.000799688	0.000656235
0.029544	-0.000784512	0.000747257
0.0311612	-0.000748986	0.000831689
0.0326178	-0.000696482	0.000907725
0.0338874	-0.000630289	0.000974078
0.0352155	-0.000556263	0.00104132
0.0363693	-0.00045832	0.00109012
0.0372812	-0.000350127	0.00112486
0.0380751	-0.000237668	0.00115626
0.0385215	-0.000120109	0.00117369
0.0387102	2.15619e-07	0.00118149
0.0385446	0.00012005	0.00117464
0.0381096	0.000237879	0.00115791
0.0372858	0.000350217	0.00112513
0.0364198	0.000459593	0.00109299
0.0351479	0.000554125	0.00103756
0.0338889	0.000630347	0.00097416
0.0326222	0.000696679	0.000907955
0.0311591	0.00074888	0.000831585
0.0295432	0.000784469	0.000747222
0.0278096	0.000799977	0.000656434
0.0259914	0.000791041	0.000560516
0.0241268	0.000756609	0.000463838
0.0222081	0.000695205	0.0003707
0.0202595	0.000605722	0.000284717
0.0182534	0.000488454	0.000210332
0.0161887	0.000345504	0.00015244
0.014194	0.000180094	0.000114828
0.012184	-4.36035e-06	0.000102271
0.0143614	-0.000203825	0.000117083
0.0165079	-0.000383086	0.000157717
0.0185058	-0.000520751	0.000217333
0.0198181	-0.000571462	0.0002741
0.0211165	-0.000607903	0.000335939
0.0225546	-0.00065682	0.000415373
0.0241412	-0.000706374	0.000508714
0.0255644	-0.000740865	0.000612988
0.0272489	-0.000757331	0.000720944
0.0285848	-0.000745364	0.000821539
0.0297287	-0.000708656	0.000910896
0.0306638	-0.00065152	0.000987955
0.0314285	-0.000576308	0.00105431
0.032188	-0.000484833	0.00112158
0.0327182	-0.000374016	0.00116252
0.0330413	-0.000253744	0.00119098
0.0332462	-0.000128257	0.00120877
0.0333262	3.80632e-12	0.00121325
0.0332474	0.00012825	0.00120865
0.0330393	0.000253758	0.00119098
0.0327232	0.000374071	0.00116272
0.0320113	0.000480368	0.00111165
0.0314173	0.000576155	0.00105398
0.0306642	0.000651469	0.000987912
0.0297288	0.000708987	0.000911221
0.0285774	0.000745063	0.000821417
0.0272423	0.000757274	0.000721094
0.0255542	0.000740377	0.0006129
0.0241353	0.000706848	0.000509599
0.0225272	0.000656739	0.000415626
0.0211077	0.000607443	0.000336044
0.0198421	0.000569418	0.000273332
0.0185047	0.000520769	0.00021756
0.0165041	0.000382689	0.000157835
0.0143625	0.000203539	0.000117372
0.0121863	4.36044e-06	0.00010147
0.0119762	4.4914e-06	0.000104609
0.0137458	-0.00016022	0.000116989
0.0155687	-0.000309478	0.000152213
0.0173825	-0.000439688	0.00020697
0.0191437	-0.000548198	0.00027769
0.0208344	-0.000633314	0.000360396
0.0224429	-0.000694455	0.000451159
0.023988	-0.000731498	0.000545626
0.0255144	-0.000744493	0.000640542
0.0269863	-0.000737628	0.000733535
0.0283331	-0.000711725	0.000821765
0.0295551	-0.000667639	0.000901377
0.0308768	-0.000610367	0.000982148
0.0320568	-0.000530776	0.00104847
0.0331792	-0.0004416	0.00111034
0.0339151	-0.000337384	0.00114818
0.0345194	-0.000228963	0.00118038
0.0349515	-0.000115699	0.00120392
0.0350526	1.75357e-07	0.00120897
0.0349235	0.000115835	0.00120191
0.0345683	0.000229281	0.001183
0.0339734	0.000338184	0.00115139
0.033134	0.00044039	0.00110746
0.032096	0.000532085	0.0010509
0.0308921	0.000610989	0.000983081
0.0295621	0.000667971	0.000901787
0.0283352	0.000711843	0.000821887
0.0269914	0.000737951	0.000733816
0.0255139	0.000744462	0.00064052
0.0239888	0.000731555	0.000545661
0.022445	0.000694628	0.000451246
0.0208357	0.000633423	0.00036044
0.0191445	0.000548275	0.000277714
0.0173821	0.000439645	0.00020696
0.0155678	0.000309385	0.000152199
0.0137461	0.000160254	0.000116992
0.0119759	-4.49133e-06	0.000105096
0.0138756	-0.000179482	0.000118495
0.0158171	-0.000338091	0.000156205
0.0177379	-0.000475138	0.000214569
0.0193	-0.000566831	0.000283117
0.0205418	-0.000605289	0.000347737
0.0217235	-0.000637894	0.000421334
0.0228197	-0.000665047	0.000504172
0.0238043	-0.000684233	0.000595189
0.0249511	-0.000690994	0.000691374
0.0258926	-0.00068307	0.000790555
0.026686	-0.000658512	0.000887206
0.0276546	-0.000608659	0.000975093
0.0285527	-0.000537407	0.00105361
0.0292749	-0.000449854	0.00111948
0.0298138	-0.000350229	0.00117373
0.0300902	-0.000239817	0.00121194
0.0304247	-0.000123013	0.00124548
0.0304967	3.65707e-12	0.00125166
0.0302922	0.000122133	0.00123674
0.0300942	0.000239837	0.00121215
0.0297908	0.000350134	0.00117346
0.0292447	0.000449653	0.0011191
0.028519	0.000537157	0.0010533
0.0276271	0.000608563	0.000975209
0.0266535	0.000658143	0.000887029
0.0258892	0.000682743	0.000790222
0.0249462	0.00069102	0.000691449
0.0238028	0.000683985	0.000595122
0.02281	0.000665851	0.000504659
0.0217194	0.000637537	0.000421288
0.0205522	0.000605356	0.000347828
0.0192932	0.000566375	0.000283122
0.0177364	0.000475066	0.000214676
0.0158152	0.000337868	0.000156284
0.013876	0.000179145	0.000118686
0.0119809	4.4914e-06	0.00010448
0.011675	4.67335e-06	9.55139e-05
0.0132303	-0.000137969	0.000106505
0.0148099	-0.000268607	0.000138118
0.0163548	-0.000384006	0.000187778
0.0178498	-0.000481745	0.000252363
0.0192864	-0.000560353	0.000328619
0.0206477	-0.000618521	0.000412998
0.021933	-0.000656939	0.000502636
0.0231297	-0.000675033	0.00059394
0.0242804	-0.00067355	0.000683967
0.0255206	-0.000656834	0.000776002
0.0266786	-0.000615826	0.000860612
0.0278549	-0.000563387	0.00094566
0.0288152	-0.000491381	0.00101437
0.02954	-0.000404346	0.00106499
0.0301897	-0.000311532	0.00111075
0.0307578	-0.00021239	0.00114999
0.0310264	-0.000107194	0.00116866
0.0311209	1.38395e-07	0.00117518
0.0310154	0.000107371	0.00116779
0.0307251	0.000212172	0.00114744
0.0302512	0.000312369	0.00111443
0.0296137	0.000405921	0.0010695
0.0287541	0.000489227	0.00101018
0.027786	0.000560471	0.000941083
0.0267386	0.000618781	0.000864436
0.0255767	0.000659985	0.000779406
0.0242854	0.000673875	0.000684262
0.0231309	0.000675115	0.000594003
0.0219336	0.000656985	0.000502664
0.0206493	0.000618657	0.000413069
0.0192851	0.00056024	0.000328571
0.0178511	0.000481866	0.000252403
0.0163549	0.000384005	0.000187778
0.0148106	0.000268673	0.000138128
0.0132305	0.000137996	0.000106507
0.0116743	-4.6733e-06	9.57534e-05
0.0133278	-0.000154191	0.000107538
0.0149959	-0.000290503	0.000141331
0.0166182	-0.000410279	0.000193786
0.0181849	-0.000510883	0.000261615
0.0195433	-0.000581121	0.000337298
0.0207178	-0.000617361	0.00041226
0.0215315	-0.000634526	0.000488353
0.0223794	-0.000640188	0.000567848
0.0231527	-0.000637693	0.00065135
0.0238783	-0.000620447	0.000737781
0.0247486	-0.000588303	0.000827432
0.025461	-0.000541764	0.000914485
0.0261252	-0.000480326	0.000995615
0.0267292	-0.000403258	0.00106463
0.0272292	-0.00031414	0.00112116
0.0276567	-0.000216123	0.00116809
0.0278468	-0.000109587	0.00119206
0.027913	3.40448e-12	0.00120031
0.0278465	0.000109596	0.00119216
0.0276604	0.000216169	0.00116835
0.0272297	0.000314186	0.00112131
0.0267162	0.000403278	0.0010646
0.0260896	0.000480141	0.000995351
0.0254538	0.00054154	0.000914133
0.0247513	0.000588425	0.000827584
0.0238827	0.000623005	0.0007403
0.0231637	0.00063799	0.00065146
0.0223672	0.000640878	0.000568069
0.0215565	0.000634216	0.000488459
0.020715	0.000617143	0.000412141
0.0195427	0.000581112	0.000337331
0.0181839	0.000510832	0.000261658
0.0166177	0.000410203	0.000193844
0.014996	0.000290341	0.00014139
0.0133273	0.00015419	0.000107559
0.0116808	4.67335e-06	9.54629e-05
0.0113855	4.67335e-06	7.34199e-05
0.0126427	-0.000113762	8.24816e-05
0.0139277	-0.000223605	0.000109482
0.015185	-0.000322123	0.000152253
0.0163986	-0.000406907	0.000208332
0.0175641	-0.000476718	0.000275216
0.0186704	-0.000530407	0.000350145
0.0198204	-0.000567456	0.00043426
0.0209011	-0.000584892	0.000520783
0.022004	-0.000590286	0.000612973
0.0229911	-0.000572161	0.000698329
0.0239181	-0.000538588	0.000779085
0.024652	-0.000486029	0.000846175
0.0253924	-0.000426072	0.000912922
0.0259869	-0.000354249	0.000968393
0.0265531	-0.000275123	0.00101915
0.0268836	-0.000187014	0.00105066
0.0270835	-9.45323e-05	0.00106989
0.0271505	1.07818e-07	0.00107613
0.0270738	9.46498e-05	0.00106898
0.0268695	0.000186982	0.00104939
0.0265303	0.000274788	0.00101719
0.0260613	0.000355849	0.00097287
0.0254636	0.000428014	0.000917438
0.0246557	0.000486197	0.000846449
0.0238523	0.000535176	0.000774505
0.0229139	0.000567622	0.000693246
0.0219879	0.000589233	0.000611984
0.0209678	0.000589717	0.000524587
0.0198809	0.000572209	0.000437387
0.018664	0.000529869	0.000349853
0.0175672	0.000476998	0.000275339
0.0164006	0.000407095	0.000208396
0.0151852	0.000322147	0.00015226
0.0139282	0.000223659	0.000109491
0.0126428	0.000113772	8.24824e-05
0.0113855	-4.67333e-06	7.34199e-05
0.0127146	-0.000127251	8.39155e-05
0.0140634	-0.000240438	0.000112742
0.015374	-0.000341421	0.000157704
0.0166382	-0.000427934	0.000216264
0.0178468	-0.00049834	0.000285626
0.01899	-0.000551645	0.000362882
0.0201113	-0.000585484	0.000447856
0.0209265	-0.00059326	0.00053018
0.0217664	-0.000581871	0.000607702
0.0224381	-0.000559182	0.000685924
0.0230808	-0.000522961	0.000760624
0.0236292	-0.000475281	0.000832184
0.0241006	-0.000417264	0.000898575
0.0245343	-0.000348319	0.000956102
0.0248769	-0.000272204	0.00100991
0.0251653	-0.000186559	0.00104801
0.0253727	-9.50924e-05	0.00107293
0.0254505	-2.60546e-07	0.0010807
0.0253746	9.46845e-05	0.00106978
0.0251751	0.000185808	0.00104446
0.0249293	0.000270838	0.00100561
0.0245523	0.00034813	0.000955357
0.0241311	0.000417187	0.000898143
0.0236551	0.000474873	0.000831321
0.0230807	0.000522917	0.000760687
0.0224652	0.000559052	0.000685548
0.0217194	0.000582415	0.000607858
0.0209146	0.000594425	0.000530956
0.0201164	0.000586014	0.000448186
0.0189899	0.000551638	0.000362882
0.0178467	0.00049834	0.000285625
0.0166382	0.000427897	0.000216269
0.0153741	0.00034133	0.000157723
0.014064	0.000240242	0.000112796
0.0127125	0.000127183	8.39099e-05
0.0113928	4.67335e-06	7.34272e-05
0.0113821	4.4914e-06	4.93337e-05
0.0123372	-8.85362e-05	5.66231e-05
0.0132925	-0.000175868	7.89381e-05
0.0142558	-0.00025478	0.000114658
0.0152325	-0.000323674	0.000162324
0.0161839	-0.000380811	0.000219794
0.0170995	-0.000424627	0.000284757
0.0179733	-0.000454745	0.0003551
0.0187982	-0.000470517	0.000428479
0.0195019	-0.000467514	0.000498197
0.020211	-0.000455897	0.000570893
0.0208585	-0.00043086	0.000640258
0.0214493	-0.00039331	0.00070391
0.0220471	-0.000347247	0.000765555
0.0224832	-0.000289337	0.000813849
0.0228272	-0.000223788	0.000852561
0.0230746	-0.000152463	0.000880905
0.0232241	-7.7184e-05	0.000898161
0.0232731	8.03749e-08	0.00090376
0.0232196	7.72889e-05	0.000897736
0.0230671	0.000152474	0.000880174
0.0228189	0.000223698	0.000851745
0.0224741	0.000289165	0.00081296
0.0220335	0.000346831	0.000764369
0.0215109	0.000395229	0.00070755
0.0209253	0.000433456	0.000644193
0.020211	0.0004559	0.000570896
0.0195032	0.000467609	0.000498289
0.0187469	0.000466664	0.000425356
0.01796	0.000453662	0.000354368
0.0170884	0.000423661	0.000284218
0.0161751	0.00037999	0.000219424
0.0152273	0.000323164	0.000162145
0.0142518	0.000254377	0.000114553
0.0132899	0.000175588	7.88904e-05
0.0123361	8.84244e-05	5.66136e-05
0.0113821	-4.49141e-06	4.93337e-05
0.0123762	-9.82253e-05	5.78688e-05
0.013358	-0.000186	8.14231e-05
0.0143426	-0.00026564	0.000118779
0.0153395	-0.000334423	0.000167632
0.0163049	-0.000390998	0.000226138
0.0172319	-0.000434196	0.000292083
0.0181128	-0.000463295	0.00036316
0.0189407	-0.000477992	0.000437059
0.0196917	-0.000478228	0.000511373
0.0203449	-0.000464414	0.000583819
0.0209206	-0.00043811	0.000653366
0.021426	-0.000400206	0.000717907
0.0218591	-0.000350908	0.000775166
0.0221936	-0.000291432	0.00082079
0.022453	-0.000225214	0.000859083
0.0226302	-0.000153664	0.000888187
0.0227383	-7.76051e-05	0.000903961
0.0227596	7.40218e-08	0.000909935
0.0227282	7.77129e-05	0.000904139
0.022625	0.000154804	0.000891818
0.0224473	0.000225316	0.000859095
0.0221883	0.000291525	0.000820775
0.0217104	0.000352016	0.000776669
0.0213251	0.000400953	0.000718722
0.0208643	0.00043843	0.000653591
0.0203378	0.000464929	0.000584324
0.0196927	0.000478304	0.000511433
0.0189407	0.000477992	0.000437059
0.0181128	0.000463288	0.00036316
0.0172321	0.000434183	0.000292086
0.0163049	0.000390997	0.000226138
0.0153394	0.000334351	0.000167648
0.014343	0.000265537	0.000118813
0.0133585	0.000185808	8.14966e-05
0.0123739	9.82094e-05	5.78562e-05
0.0113911	4.4914e-06	4.9412e-05
0.0115988	4.36044e-06	3.36548e-05
0.0122389	-5.80353e-05	3.85009e-05
0.012877	-0.000117302	5.38143e-05
0.0135126	-0.000171715	7.86145e-05
0.0141318	-0.000219793	0.000112021
0.0147374	-0.000260345	0.000152705
0.0153213	-0.000292192	0.000199175
0.0158907	-0.000314441	0.000250205
0.0164626	-0.000329661	0.00030561
0.0169626	-0.000332024	0.000359928
0.0174274	-0.000324578	0.000413825
0.0178489	-0.000307769	0.00046559
0.018217	-0.000281955	0.000513659
0.0185325	-0.000248227	0.000556737
0.0187892	-0.000207391	0.00059348
0.0189881	-0.000160805	0.000623143
0.0191327	-0.000109713	0.000644669
0.0192213	-5.55588e-05	0.000657722
0.0192479	6.05124e-08	0.000662056
0.0192203	5.5646e-05	0.00065756
0.0191309	0.000109774	0.000644428
0.0189864	0.000160845	0.000622905
0.018786	0.000207363	0.000593115
0.0185285	0.000248139	0.000556323
0.0182123	0.000281749	0.000513164
0.0178456	0.000307606	0.000465239
0.0174243	0.000324445	0.000413549
0.0169587	0.000331729	0.000359518
0.0164578	0.000329279	0.000305205
0.0159212	0.000316831	0.000251828
0.0153636	0.000294373	0.000200758
0.0147777	0.000262506	0.000154032
0.0141334	0.000219861	0.000111995
0.0135134	0.000171742	7.85971e-05
0.0128775	0.000117306	5.37908e-05
0.0122395	5.80508e-05	3.84807e-05
0.0115991	-4.36044e-06	3.36405e-05
0.0122695	-6.75538e-05	3.97526e-05
0.0129271	-0.000127407	5.61288e-05
0.0135763	-0.000182192	8.21694e-05
0.0142105	-0.0002304	0.000116767
0.0148252	-0.000270767	0.000158598
0.0154162	-0.000302294	0.000206196
0.0159788	-0.000324267	0.00025798
0.0165187	-0.000336407	0.000312594
0.0170216	-0.000338414	0.000368089
0.0174894	-0.000330302	0.000422536
0.0179092	-0.000312644	0.000474658
0.0182779	-0.000286093	0.000523014
0.0185924	-0.000251511	0.000566298
0.0188501	-0.000209949	0.000603362
0.0190491	-0.00016261	0.000633238
0.0191942	-0.000110937	0.000655351
0.0192812	-5.62537e-05	0.000669055
0.0193073	2.88423e-12	0.00067376
0.0192812	5.62537e-05	0.000669055
0.0191942	0.000110937	0.000655351
0.0190491	0.00016261	0.000633239
0.0188501	0.000209949	0.000603362
0.0185923	0.000251511	0.000566298
0.0182779	0.000286092	0.000523014
0.0179092	0.000312644	0.000474658
0.0174894	0.000330302	0.000422536
0.0170218	0.00033841	0.000368092
0.0165187	0.000336408	0.000312595
0.0159789	0.000324238	0.000257984
0.0154161	0.000302294	0.000206196
0.0148252	0.000270767	0.000158598
0.014211	0.000230284	0.000116811
0.0135769	0.00018199	8.22572e-05
0.0129271	0.000127407	5.61288e-05
0.0122645	6.75597e-05	3.9676e-05
0.0116094	4.36044e-06	3.38188e-05
0.0117448	4.28146e-06	1.73141e-05
0.0120612	-2.75205e-05	1.96211e-05
0.0123999	-5.80423e-05	2.74732e-05
0.0127131	-8.64353e-05	4.01942e-05
0.013027	-0.000111772	5.77595e-05
0.0133315	-0.000133495	7.91045e-05
0.0136243	-0.000150814	0.000103895
0.0139015	-0.000163355	0.000131108
0.0141655	-0.000170894	0.000159915
0.0144086	-0.000173072	0.000189509
0.0146322	-0.000169975	0.0002189
0.0148359	-0.000161824	0.000247319
0.0150149	-0.000148809	0.000273801
0.0151673	-0.000131348	0.000297686
0.0152927	-0.000110029	0.000318261
0.0153945	-8.54879e-05	0.000334873
0.0154663	-5.84049e-05	0.000347095
0.0155102	-2.96205e-05	0.000354565
0.0155234	3.8404e-08	0.000357001
0.0155094	2.96539e-05	0.000354483
0.0154659	5.84451e-05	0.000347007
0.0153934	8.54968e-05	0.000334751
0.0152922	0.00011005	0.000318172
0.0151661	0.000131342	0.000297568
0.0150146	0.000148827	0.000273748
0.0148363	0.000161843	0.000247262
0.0146324	0.000170025	0.000218897
0.0144078	0.000173041	0.000189419
0.0141647	0.000170826	0.000159834
0.0139008	0.000163321	0.000131035
0.0136238	0.000150798	0.00010384
0.0133312	0.000133463	7.90511e-05
0.0130267	0.000111747	5.77483e-05
0.0127129	8.64155e-05	4.01866e-05
0.0123999	5.80357e-05	2.74698e-05
0.0120611	2.75168e-05	1.96208e-05
0.0117438	-4.28147e-06	1.72673e-05
0.012072	-3.61442e-05	2.04769e-05
0.0124005	-6.66805e-05	2.89676e-05
0.012725	-9.49446e-05	4.26319e-05
0.013043	-0.000120139	6.08533e-05
0.0133514	-0.000141513	8.29854e-05
0.0136476	-0.000158532	0.000108514
0.0139291	-0.000170685	0.000136413
0.014194	-0.000177582	0.000165902
0.0144399	-0.00017936	0.000196066
0.0146655	-0.000175665	0.00022602
0.0148689	-0.000166916	0.000254887
0.0150483	-0.000153232	0.000281819
0.0152026	-0.0001351	0.000306037
0.0153306	-0.000113032	0.000326859
0.0154311	-8.77524e-05	0.000343704
0.0155035	-5.99381e-05	0.000356077
0.0155473	-3.04009e-05	0.000363642
0.0155618	-6.06351e-09	0.000366181
0.0155473	3.04066e-05	0.000363637
0.0155035	5.99247e-05	0.000356069
0.0154311	8.77378e-05	0.000343694
0.0153305	0.000113051	0.000326867
0.0152026	0.000135096	0.000306042
0.0150483	0.000153235	0.000281811
0.0148688	0.000166873	0.000254877
0.0146654	0.000175723	0.000226024
0.0144401	0.000179287	0.000196066
0.014194	0.00017768	0.00016587
0.0139296	0.00017056	0.000136397
0.0136475	0.000158532	0.000108514
0.0133516	0.00014136	8.31128e-05
0.013043	0.000120139	6.08533e-05
0.0127245	9.4946e-05	4.26218e-05
0.0124011	6.66732e-05	2.90051e-05
0.0120723	3.61511e-05	2.04444e-05
0.0117421	4.28146e-06	1.71808e-05
0.0117876	4.25507e-06	4.0449e-08
0.0117876	4.2424e-06	-3.30559e-07
0.0117883	4.19324e-06	-7.22951e-07
0.0117883	4.11427e-06	-1.08566e-06
0.0117883	4.00399e-06	-1.44012e-06
0.0117876	3.8735e-06	-1.76161e-06
0.0117883	3.69309e-06	-2.11352e-06
0.0117883	3.49483e-06	-2.42735e-06
0.0117883	3.26997e-06	-2.72271e-06
0.0117876	3.03739e-06	-2.98019e-06
0.0117883	2.7475e-06	-3.24917e-06
0.0117883	2.45386e-06	-3.47627e-06
0.0117883	2.14155e-06	-3.67691e-06
0.0117883	1.81294e-06	-3.84957e-06
0.0117883	1.47052e-06	-3.99293e-06
0.0117883	1.11692e-06	-4.1059e-06
0.0117883	7.5482e-07	-4.18762e-06
0.0117883	3.86973e-07	-4.23747e-06
0.0117883	1.61805e-08	-4.25507e-06
0.0117883	-3.54735e-07	-4.24029e-06
0.0117883	-7.22951e-07	-4.19324e-06
0.0117883	-1.08566e-06	-4.11427e-06
0.0117883	-1.44012e-06	-4.00399e-06
0.0117883	-1.78361e-06	-3.86324e-06
0.0117883	-2.11352e-06	-3.69309e-06
0.0117883	-2.42735e-06	-3.49483e-06
0.0117876	-2.70412e-06	-3.28557e-06
0.0117883	-2.99735e-06	-3.02023e-06
0.0117883	-3.24917e-06	-2.7475e-06
0.0117883	-3.47627e-06	-2.45386e-06
0.0117883	-3.67691e-06	-2.14155e-06
0.0117876	-3.83931e-06	-1.83493e-06
0.0117883	-3.99293e-06	-1.47052e-06
0.0117883	-4.1059e-06	-1.11692e-06
0.0117876	-4.1834e-06	-7.7872e-07
0.0117883	-4.23747e-06	-3.86973e-07
0.0117849	-4.25507e-06	9.81571e-08
0.0117849	-4.23032e-06	4.68637e-07
0.0117849	-4.17338e-06	8.35551e-07
0.0117849	-4.08468e-06	1.19611e-06
0.0117849	-3.96489e-06	1.54756e-06
0.0117849	-3.81492e-06	1.88723e-06
0.0117849	-3.63592e-06	2.21254e-06
0.0117849	-3.42925e-06	2.52101e-06
0.0117849	-3.19648e-06	2.8103e-06
0.0117849	-2.93938e-06	3.0782e-06
0.0117849	-2.65991e-06	3.32267e-06
0.0117849	-2.3602e-06	3.54185e-06
0.0117849	-2.04253e-06	3.73408e-06
0.0117849	-1.70931e-06	3.89789e-06
0.0117849	-1.36308e-06	4.03203e-06
0.0117849	-1.00648e-06	4.13549e-06
0.0117849	-6.4222e-07	4.20747e-06
0.0117849	-2.7307e-07	4.24743e-06
0.0117849	9.81571e-08	4.25507e-06
0.0117849	4.68637e-07	4.23032e-06
0.0117849	8.35551e-07	4.17338e-06
0.0117849	1.19611e-06	4.08468e-06
0.0117849	1.54756e-06	3.96489e-06
0.0117849	1.88723e-06	3.81492e-06
0.0117849	2.21254e-06	3.63592e-06
0.0117849	2.52101e-06	3.42925e-06
0.0117849	2.8103e-06	3.19648e-06
0.0117849	3.0782e-06	2.93938e-06
0.0117849	3.32267e-06	2.65991e-06
0.0117849	3.54185e-06	2.3602e-06
0.0117849	3.73408e-06	2.04253e-06
0.0117849	3.89789e-06	1.70931e-06
0.0117849	4.03203e-06	1.36308e-06
0.0117849	4.13549e-06	1.00648e-06
0.0117849	4.20747e-06	6.4222e-07
0.0117849	4.24743e-06	2.7307e-07
0.0117876	4.25507e-06	4.0449e-08
